60.4839
60.4839
60.4606
60.3391
60.0762
59.2526
58.6644
59.1295
59.6737
60.776
61.5625
60.6983
60.7558
64.6925
69.0724
71.9005
72.0397
69.9949
67.3286
65.0251
64.196
62.906
61.0068
59.2666
57.7952
56.9915
57.7653
58.2358
57.462
56.8552
57.5159
58.1395
59.7941
61.4044
59.9769
58.5938
58.4807
58.3667
59.4716
60.6531
59.8142
58.8616
58.3032
57.7376
59.0713
60.7129
59.9371
58.7462
58.88
59.2274
60.9969
63.1322
62.1569
60.6192
59.9292
59.3316
60.5066
61.8541
61.0235
60.0317
59.5427
59.0702
60.1878
61.398
60.8681
60.2508
59.8853
59.5267
61.4931
63.4416
62.7021
61.8881
61.2607
61.0743
63.0375
64.1869
62.7235
61.3585
60.3748
60.123
61.1067
61.4131
60.6693
59.8359
58.8983
58.4954
58.84
58.7827
57.9908
57.4153
57.1968
57.2415
58.6048
59.761
59.761
59.713
59.36
59.1294
59.8438
60.5134
60.7592
60.6761
58.7054
57.0087
56.4766
55.9701
57.9006
60.036
59.5946
58.8859
58.2339
57.5578
58.2759
59.3021
58.2397
56.5677
56.0478
55.8389
56.3327
57.5214
57.7319
56.752
56.2391
56.4511
56.8755
58.5736
59.7802
58.4061
57.3096
58.2112
59.0858
60.0461
60.8849
59.4668
58.1395
57.3717
56.6038
58.0981
59.7962
57.0875
53.7779
53.2026
52.9207
53.2363
54.4014
55.0021
54.2143
53.5714
53.1278
52.6579
53.0074
53.5733
54.0187
54.6095
54.7747
54.0879
53.5753
54.0623
54.5455
55.5509
56.7953
56.7335
56.3062
56.5466
57.1923
58.136
59.5208
59.4585
57.8551
56.5946
55.4498
55.0704
56.768
58.0007
56.916
55.9701
56.927
57.8995
59.0864
60.3708
59.6069
58.6618
58.5938
58.5938
59.7925
61.2334
59.8108
57.9193
57.6039
57.4934
58.202
59.2282
58.7332
57.5972
57.3177
57.4274
58.3052
59.9339
59.9747
58.5678
57.9151
57.9151
58.4185
59.703
60.24
59.6424
60.6485
60.6485
60.6485
60.6485
60.6485
60.6485
60.6485
67.6856
66.6344
64.1643
61.2452
58.8926
56.8621
55.6961
54.7802
55.0272
57.1501
58.5938
58.5938
58.5177
58.1784
58.0373
58.8417
59.4919
59.2576
58.9056
57.4679
56.1798
55.2931
54.3771
55.044
55.9599
55.732
55.0144
54.4091
53.6326
53.5106
55.324
56.7978
56.4785
56.1798
56.1798
56.1798
56.6043
57.1404
58.0425
59.1785
58.7514
57.6154
57.0005
56.5701
56.8412
57.8286
57.6816
55.9713
54.7967
54.1099
53.5714
55.2613
56.9927
56.6617
56.2345
56.1026
55.9978
56.7467
58.0585
59.0418
59.8654
59.661
58.6103
58.0304
57.8068
58.1631
59.3169
59.1779
57.163
55.6535
54.4542
53.613
55.3444
57.0342
56.354
55.6147
55.634
55.7373
56.9777
58.9772
59.761
59.761
59.4835
59.0148
59.5554
60.8814
60.6109
59.1701
58.2234
57.5525
57.8785
59.2525
59.129
57.2189
56.2819
56.6011
57.2249
59.1802
60.4024
58.9955
58.0438
58.8481
59.7759
61.5266
62.8091
61.9088
61.4031
62.0408
62.7885
63.5897
63.0432
60.8724
59.3718
58.5611
58.3785
58.953
58.8467
57.7195
57.0972
57.3157
57.797
59.4258
60.4136
59.0068
57.8981
57.7868
57.7668
58.8011
59.6668
58.1954
56.8182
56.0227
55.1872
56.0489
57.211
56.8123
55.8544
55.4477
55.2435
55.6737
57.17
58.3389
59.031
59.4918
59.3742
59.3768
59.7325
60.2143
61.0785
61.1829
59.3885
58.2216
58.5636
58.7104
58.1448
57.5035
55.9301
54.5455
55.2008
55.9132
56.8119
57.8966
57.9016
57.5675
57.8215
58.3827
59.9466
62.2953
62.7598
61.9784
61.3605
60.8607
61.6014
62.7496
61.5266
59.7759
59.7759
59.7759
59.7759
59.7759
59.7759
59.7759
68.1561
65.9924
63.8354
64.0985
64.7563
65.6233
65.6696
63.4755
61.79
61.286
61.0796
61.3295
61.0777
60.2204
59.9816
60.4655
61.8744
64.2611
65.0487
64.3489
63.6846
63.1459
64.2304
65.509
63.5289
61.3481
60.0222
58.8565
59.4447
59.9933
59.8738
59.7842
60.2681
60.7832
61.5391
62.6242
65.2877
68.0929
69.5204
71.9423
74.219
74.8015
74.5426
74.3579
72.3716
69.6291
69.6291
69.6291
69.6291
69.6291
69.6291
69.6291
69.6291
57.9088
57.3433
56.6877
57.2663
58.1473
59.4479
61.0027
60.6619
59.5685
58.6343
57.7257
58.2703
59.5347
59.0628
57.5799
56.7533
56.2213
56.4739
57.7857
58.118
56.7022
55.6139
54.8087
54.1516
55.7583
57.4182
57.279
57.0604
56.6214
56.0893
56.0364
56.1412
56.7784
57.9854
57.7764
55.9521
54.9986
55.2013
55.5173
57.2537
58.7614
57.6515
56.6038
56.5042
56.3978
57.5616
59.0104
57.9877
56.3285
55.6421
55.1296
55.6222
57.1072
57.5017
56.4252
55.508
54.4126
53.5714
54.2527
54.9396
56.2356
57.8329
57.4891
56.6148
56.8604
57.6224
58.4822
59.5246
59.2525
57.8785
57.0591
56.6286
56.5287
56.9592
56.9711
55.7174
54.7709
55.5941
56.391
57.3866
58.488
58.2079
57.7572
58.1312
58.6968
59.7994
61.1254
60.1677
58.4998
57.5101
56.6358
56.8421
57.6041
57.4094
56.4369
55.6283
54.719
54.1831
54.38
54.5455
54.9319
55.3345
55.7626
56.2828
56.2513
56.0408
56.6523
57.9641
57.9746
56.6628
55.64
54.6333
54.0724
55.1839
56.1798
55.0103
53.8021
53.4151
52.9418
52.9477
53.2297
53.6157
54.703
55.4947
54.4073
53.3808
53.3043
53.2097
54.0745
55.6743
56.0844
55.3615
54.8734
54.5748
54.3738
55.1849
55.9701
54.8205
53.5258
53.2601
53.0714
53.2563
53.9284
54.2507
53.6725
53.1915
53.6293
54.1094
55.4613
57.343
57.9151
57.9151
58.2297
58.7997
59.5544
60.5147
59.769
57.5831
55.9076
54.2961
53.619
54.9137
55.8924
53.949
52.0833
53.2857
54.9193
56.4026
58.2549
58.6306
57.8387
58.1461
59.6524
60.5407
60.6631
60.2078
59.1403
59.6862
62.169
62.9842
61.9422
61.1051
60.4879
61.0874
62.4795
62.0452
60.653
59.5734
58.6358
58.6684
59.1298
58.1089
56.2424
55.7029
56.015
56.9855
59.3834
60.8404
60.4731
60.2866
60.4081
60.7278
61.3501
61.1296
59.7929
58.9117
58.5671
58.6169
59.3145
59.0208
56.9181
55.4396
54.8357
54.3478
56.2133
58.1092
57.7312
57.2874
57.4334
57.6536
58.7308
60.1266
59.9409
59.2266
58.3195
57.3091
57.7376
58.8647
59.2885
59.2885
58.702
57.6837
57.0453
56.6148
56.62
57.2707
57.5153
56.8647
56.4217
56.6353
56.8729
58.5843
60.2314
59.9914
59.7534
59.5172
59.2943
60.0144
60.7209
60.477
60.19
58.9157
57.6923
58.0156
58.3523
58.9964
59.694
58.6369
57.3824
57.0784
56.8616
57.8305
59.3019
59.6803
59.5618
59.3682
59.1339
59.5066
60.221
60.1728
59.6928
59.0864
58.3942
58.4659
59.0404
60.0216
61.369
60.953
59.2581
58.4037
58.0644
58.9078
60.942
61.1113
59.5314
58.8235
58.8235
59.63
61.3385
62.1013
61.8452
61.2099
60.3457
60.6722
61.7925
61.4075
60.1676
59.0008
57.8559
58.4094
60.0382
60.6553
60.5328
59.8315
58.7724
58.9588
60.0179
60.4839
60.4839
59.9244
58.9793
59.2416
60.4325
60.834
60.5881
59.9244
58.9793
58.9763
59.6794
60.1982
60.5626
60.1224
59.0549
58.5345
58.4205
58.3658
58.3658
58.1385
57.5816
57.6063
58.7423
59.6659
60.1459
61.0484
62.8577
63.5802
62.3932
60.8384
59.0439
58.6459
59.8181
60.4295
60.308
59.5595
58.0649
57.5348
58.3206
59.4118
61.25
62.0968
61.0887
60.3335
59.972
60.3197
61.6892
61.89
60.64
59.7694
59.297
60.8584
60.8584
60.8584
60.8584
60.8584
60.8584
67.076
65.9269
66.218
65.9885
65.4113
63.991
62.5026
64.6271
67.6483
70.9062
74.1669
75.4733
74.1486
71.386
68.7906
66.447
65.2925
64.573
64.4343
62.8719
60.8036
59.2217
57.8369
57.5429
57.6534
58.7667
60.6583
60.6586
59.3327
58.6917
58.4628
57.9634
57.1896
56.9067
57.1235
56.8608
55.6071
54.6857
54.1951
53.7634
54.9301
56.2438
56.3107
56.2051
56.1144
56.0096
56.823
58.5999
59.3613
59.0112
58.3078
57.0916
56.2673
55.8496
55.6414
56.2727
56.8741
59.2027
61.4574
61.2075
60.631
60.631
60.631
60.631
60.631
60.631
60.631
53.2401
53.9123
54.6208
56.5167
58.0953
57.5427
57.0342
57.2475
57.466
57.8684
58.3157
58.4606
58.5746
57.8137
56.8187
55.8548
54.7268
54.8137
55.8352
56.4259
56.5323
56.3285
55.005
53.9568
54.6425
55.3394
55.775
56.2953
56.6871
57.1176
56.7498
55.9016
55.2947
54.6908
54.5062
55.2134
55.7327
55.3242
54.9451
54.856
54.7558
55.244
55.9616
56.7285
57.7084
57.8118
57.1512
56.8182
56.8182
56.8772
57.094
56.9619
55.3144
53.9568
54.1429
54.3384
54.9513
55.7625
55.2505
54.0512
53.4692
53.1853
53.0871
53.9576
54.7445
55.977
57.3404
56.523
55.3609
55.2778
91.4634
91.4634
91.1834
91.8788
91.1772
89.7992
90.3571
92.0227
91.9105
91.141
91.9571
91.8744
90.1645
89.8047
91.6464
93.1426
93.4519
92.3365
91.5574
92.0669
92.2745
92.7285
94.4017
95.7123
95.2184
95.2685
96.3945
96.8731
97.1613
97.054
97.7903
98.6842
98.6842
98.8201
99.1469
99.3377
99.3377
99.3377
99.1469
98.9404
99.0789
98.9587
99.3053
99.7168
99.4225
99.7811
101.133
102.041
101.372
100.954
101.278
101.495
101.839
102.041
102.041
102.041
102.041
102.228
102.578
102.67
102.32
102.041
102.041
101.581
101.059
101.174
101.166
99.5098
98.0392
97.8279
96.9769
95.6878
95.2898
95.2657
93.4809
91.1667
90.3614
88.0565
85.8787
85.819
84.4828
83.5102
83.5912
83.184
83.0755
83.1042
82.674
82.6416
82.6266
82.1936
82.2086
81.7388
80.637
80.2139
80.2139
80.2415
80.4571
80.7847
81.0026
81.0811
81.0811
81.3063
82.4324
83.5102
84.1379
85.3978
85.5231
85.0443
85.4237
85.1719
84.9153
85.3747
86.185
86.7052
86.8383
87.0903
87.2093
87.2093
87.3113
87.5746
87.9856
88.2353
88.8264
90.721
92.0245
92.0245
91.4768
90.1074
89.2857
90.463
91.9982
92.3535
93.6437
93.229
91.8115
92.6347
93.1677
93.7255
93.1451
91.5578
91.3269
92.3565
93.389
93.9649
94.7596
95.6767
96.7582
97.6169
97.9552
98.1321
98.4546
98.6842
98.6842
98.6842
98.6842
98.7522
99.0789
99.6689
100
100
100
100.067
100.403
100.671
100.949
101.507
101.757
101.633
101.823
102.424
103.068
103.423
103.233
103.034
103.151
103.034
103.134
103.448
103.448
103.448
103.618
103.977
104.167
104.161
103.802
103.756
103.862
103.362
103.034
103.075
102.565
101.329
100.96
101.3
100.711
99.4639
99.0789
98.9927
98.1459
97.6987
97.5524
96.4537
93.8084
92.2608
92.0937
91.3595
91.2461
90.0043
88.3902
88.2833
88.5444
87.4915
85.9699
85.6912
84.9689
84.2697
84.2697
84.2697
84.4506
84.8552
85.3966
85.9468
85.7898
85.0731
84.7458
85.0944
85.5787
85.7143
85.4903
85.2468
85.3837
86.8877
88.2353
86.9463
86.9463
86.9463
86.9463
85.6331
87.4806
88.8293
90.5285
91.3636
92.6799
93.75
94.2014
95.1731
95.9236
96.464
96.5385
96.3871
96.6228
96.7842
97.0984
97.6572
98.1613
98.5475
98.6378
98.3153
98.3359
98.8885
99.0789
99.0331
99.5263
100
99.1373
99.2432
100.944
101.362
99.8657
98.6842
98.9665
98.4525
97.4782
97.6698
98.0392
97.1267
97.3302
98.892
99.1404
98.5695
99.098
100.295
100.4
100.105
100
99.9421
99.2842
98.9692
99.2959
99.0417
98.3924
98.0418
98.3643
98.1767
97.8947
98.4023
98.6429
98.3204
98.6262
99.5059
99.4131
98.7099
98.8651
99.3377
99.058
98.9404
99.0789
98.8698
98.6842
99.011
99.0789
98.9404
99.0789
98.9404
99.0606
99.0293
98.7025
98.5191
98.1966
98.0808
98.73
97.1986
94.6995
94.3396
94.2072
94.2072
94.2072
94.2072
94.2072
94.2072
88.9888
90.3422
90.9091
91.1685
92.3431
93.904
94.7699
95.2657
96.5805
98.0255
98.9472
100.067
100.677
101.361
101.754
101.633
102.084
102.555
102.788
103.142
102.761
101.782
101.633
101.757
101.544
101.376
101.721
101.732
101.387
101.351
101.351
101.297
100.957
101
101.074
100.35
99.6098
99.2802
98.9535
99.6379
100.631
100.478
100.268
100.524
101.074
101.351
101.351
101.569
101.569
101.569
100.623
99.6296
99.6296
104.167
103.917
103.75
104.14
104.671
104.826
104.102
103.448
103.448
103.23
102.876
102.839
103.151
103.051
103.077
103.716
104.092
104.167
104.167
104.167
104.178
104.543
104.572
104.207
104.167
104.167
103.967
103.293
103.134
103.448
103.168
103.034
102.989
102.418
102.08
102.429
102.084
101.918
102.573
102.74
102.74
102.74
102.74
102.74
102.74
102.536
101.501
99.6778
98.6842
98.3695
96.6559
94.9417
94.7815
94.9367
92.2468
90.7785
92.6852
92.9815
92.5926
92.8042
93.3543
94.0162
94.3396
94.3396
94.3396
94.4471
94.7456
94.9367
94.9367
94.9367
95.216
96.1549
97.1085
97.6674
98.1818
98.5578
98.8
99.4579
99.3579
99.2
99.8421
100
100
100
100
100
100.188
100.523
100.612
100.277
100
100.26
100.4
100.268
100.53
101.074
101.009
100.949
100.862
100.541
100.968
101.308
100.632
100.29
100.854
101.074
100.946
101.151
101.735
101.718
101.633
101.955
101.767
101.224
101.498
102.041
101.746
101.633
101.928
101.931
101.633
101.743
101.71
101.365
101.555
101.476
100.454
99.2
99.3421
98.7097
97.451
97.1394
95.6458
95.6348
95.0514
93.2661
92.9896
91.2979
91.8811
93.2204
92.6499
94.1279
94.8972
94.1038
93.508
92.9348
92.9446
92.6327
92.4224
92.9574
93.1045
91.9752
92.1715
93.6149
93.5849
93.8568
93.8099
93.0468
92.5223
91.8451
91.184
91.2928
91.8505
92.1171
93.2747
93.6338
93.2075
93.985
94.7098
92.704
91.3256
92.6738
93.1265
92.555
92.2427
92.5267
92.4932
91.9286
91.4634
91.7751
92.4133
92.9538
93.1677
93.7692
94.6537
94.9367
94.9367
95.4771
96.4853
97.3077
97.9101
98.4211
98.372
98.5326
98.9964
98.8358
98.7182
99.045
99.6344
99.7351
99.6
99.9271
100.4
100.303
100.301
100.636
100.671
100.78
101.12
101.351
101.351
101.616
101.961
101.897
101.633
101.757
101.677
101.957
102.651
102.552
102.329
102.516
102.74
102.74
102.146
101.683
102.101
102.114
100.964
100.379
100.357
100.021
100
99.8887
99.6
99.7113
100
100
100.177
100.513
100.671
100.671
100.671
100.93
101.074
100.815
100.671
100.671
100.671
102.905
102.905
96.4238
99.8268
97.9788
102.074
100.874
100.874
100.874
94.7721
93.8649
91.706
91.5335
90.5322
90.0974
89.8032
89.0012
88.7574
89.2846
89.9936
90.3582
90.7273
91.1885
91.6587
91.9392
92.0245
92.0245
92.2472
91.2177
88.7639
88.9619
89.3257
87.6901
86.6545
86.462
87.531
87.6069
83.9691
84.213
87.01
85.5312
85.7983
87.2093
87.2093
87.2093
87.2093
87.9091
89.2146
89.8204
90.2907
90.9858
91.7399
93.603
94.6477
94.557
94.9766
95.4782
96.2663
96.7742
96.5583
96.5279
97.1964
98.1818
98.3617
98.543
99.571
100.383
100.609
100.274
100.33
100.935
101.49
101.465
100.657
100.413
100.671
100.96
101.3
101.351
101.351
101.313
100.973
101.623
102.657
102.947
102.856
102.207
102.68
103.836
103.833
103.202
102.822
102.893
103.345
103.949
104.575
104.189
103.759
103.862
103.569
103.572
104.001
104.601
104.895
104.566
103.932
103.537
103.448
103.163
102.145
101.726
101.726
101.887
102.551
102.74
102.74
102.74
102.74
102.429
102.329
102.639
102.74
102.595
101.901
101.351
101.066
100.726
100.826
100.892
100.071
99.3377
99.3377
99.3377
99.3377
99.3377
99.3222
98.6729
98.0392
97.1457
95.5944
94.8943
94.0097
92.9492
92.795
92.8148
91.8396
90.9091
90.9091
90.969
91.2461
90.9653
90.4143
90.4294
90.7032
89.9107
88.6845
88.4024
88.5527
88.5318
88.2708
88.0892
87.0751
87.3645
88.4804
87.8321
87.4725
86.8919
85.7083
85.5331
87.2429
89.1654
89.6899
89.8204
90.0476
90.6003
91.1391
91.1308
91.153
91.9142
92.7996
93.1677
93.4565
94.8243
96.1923
96.3871
96.5335
97.3966
98.2742
98.6068
98.6842
98.7208
99.0476
99.3377
99.3377
99.4993
99.9271
100.465
101.044
101.351
101.104
100.764
100.788
101.128
101.351
101.688
102.312
102.894
103.318
103.338
103.034
103.145
103.448
103.744
103.862
103.566
103.575
103.934
104.132
103.419
103.688
104.498
104.053
103.904
104.478
104.797
104.073
103.799
104.458
104.583
104.283
104.032
103.908
104.718
104.842
104.505
104.583
103.794
103.167
103.044
102.621
102.835
103.105
103.034
102.927
102.294
101.844
101.191
101.044
101.041
100.946
101.256
101.232
100.733
99.5187
98.3798
98.0573
97.7255
97.093
96.7643
96.1479
95.7741
95.465
94.4742
94.481
94.0805
94.2113
95.5438
95.7692
95.9015
93.4662
90.57
89.5977
86.7899
84.9518
84.8726
84.1969
84.038
84.2697
84.3097
84.5477
84.9268
85.1676
85.2273
86.1549
87.2887
87.7575
88.6529
89.5124
90.2003
91.0625
91.4634
91.4634
91.625
91.8293
91.6677
91.1973
91.0976
91.3636
91.4214
88.7931
86.2069
86.564
88.1034
86.8496
85.7273
88.6554
88.2382
87.5511
89.3578
89.8398
90.1104
90.3614
90.3614
91.0664
91.0664
91.0664
91.0664
94.1248
94.1248
94.1248
95.1641
95.6183
95.9995
96.1538
97.419
98.4314
98.2895
98.7686
99.5684
100
100
100
99.8199
99.4887
99.2959
98.9692
98.6842
98.9116
98.9116
98.9116
93.7521
92.3333
92.3333
92.3333
92.3333
102.162
101.918
102.162
102.74
102.449
102.1
102.209
102.449
102.377
102.84
103.799
103.282
102.684
103.376
103.862
103.75
103.871
104.167
103.853
103.75
104.063
104.02
103.75
103.897
104.167
104.167
104.167
104.167
103.991
103.75
103.925
104.167
104.167
104.167
104.167
103.963
103.459
103.034
103.151
103.066
102.74
102.74
102.74
102.74
102.911
103.624
104.167
103.83
103.75
103.641
103.17
103.151
102.989
102.74
101.747
99.7019
98.3445
97.7376
96.7728
95.8256
95.7913
95.9236
95.3942
94.3757
94.0542
94.7963
95.2448
95.1592
95.3116
95.2439
94.9415
95.0746
95.3769
95.5414
95.5414
94.527
92.9413
92.2222
92.3336
92.3676
89.6296
89.6296
86.2651
87.597
84.3232
86.0246
84.7059
81.9415
84.7059
84.1135
83.2941
86.2782
85.6444
85.6236
87.9036
88.0473
88.2467
88.7574
88.9232
89.4547
90.0844
89.8352
89.4402
90.5109
90.655
90.1863
90.6277
90.5455
90.9124
91.8519
91.9791
91.075
90.9477
92.3232
93.4665
93.922
94.8177
96.1183
96.3057
96
96.367
96.402
95.5745
95.598
96.4875
96.8395
97.1537
98.028
98.9172
99.2593
99.5671
100.183
100.285
100.319
100.914
101.468
101.895
102.041
102.041
102.041
101.74
101.633
101.583
101.224
101.525
101.646
101.682
101.757
101.426
101.351
101.351
101.368
101.713
102.041
102.041
102.407
102.733
102.207
102.568
102.383
102.224
102.568
101.863
101.973
102.499
102.74
102.74
103.316
104.03
103.807
103.456
104.041
104.056
104.195
103.938
103.374
103.763
103.459
102.866
102.351
102.79
102.5
102.207
102.761
102.087
100.965
99.8764
99.6636
100.258
100.599
100.671
100.465
99.471
99.0084
98.8261
96.6544
93.6418
91.879
90.4268
89.338
89.216
88.9518
88.7574
88.4667
87.9477
87.7193
87.9319
88.1899
87.9565
85.2753
83.8049
84.9208
84.219
84.1061
85.2529
85.9052
85.4646
85.3336
86.3133
86.7052
86.293
85.9039
86.161
88.652
89.9465
89.0909
90.0317
90.343
90.3987
91.1116
91.1382
91.8114
91.9394
91.4815
92
91.6162
91.8577
92.5166
92.0497
92.5201
94.0097
94.486
94.1772
94.5425
94.5952
94.8636
95.2782
95.267
95.5743
94.188
94.0313
95.812
96.448
97.3906
98.0392
98.3179
98.8521
99.5161
100.215
100.285
100.708
101.058
100.946
101.24
101.248
100.985
101.433
102.041
101.779
101.633
101.895
102.041
102.075
102.778
103.448
103.448
103.652
104.163
104.389
103.636
103.929
104.201
103.765
103.632
103.333
103.796
104.167
104.167
104.167
103.545
103.333
103.757
103.47
102.955
102.701
102.007
101.652
101.997
102.041
101.805
101.12
100.671
100.031
99.3644
99.16
98.9404
99.0789
98.9718
98.6842
98.6842
98.6842
98.7679
99.0946
99.3377
99.0633
98.7365
98.6842
98.6223
98.2998
98.0392
98.2792
98.4314
98.3888
98.8859
99.3377
99.0476
98.9404
99.2306
99.2541
98.9017
98.0178
97.4026
97.2216
97.6764
99.5316
99.0769
96.5464
94.262
93.0832
95.0188
96.4293
94.8638
92.2527
90.4923
91.3228
92.8617
93.1493
93.7052
95.0967
95.1451
94.5904
95.0631
95.4132
95.561
95.8672
95.904
96.4777
97.7724
97.753
96.7083
97.8154
100.187
101.29
102.754
104.801
104.801
104.801
100.723
99.7831
99.0834
99.3709
101.284
103.085
103.151
103.034
102.812
100.822
96.8919
97.9577
100.498
100.135
100.989
101.259
100.946
101.038
103.606
102.673
102.673
102.673
98.8235
98.621
98.323
98.4314
97.7328
96.7413
96.5236
96.7742
96.5533
96.2432
95.9579
95.0508
94.6214
94.92
94.5688
93.6843
93.1677
93.4123
93.7034
93.9161
94.4907
93.7459
92.7996
93.0872
93.2096
93.5008
94.2627
94.6769
94.459
94.3068
93.7208
92.7287
92.2889
92.3926
92.2608
92.2699
92.554
92.5153
92.2313
92.2995
92.7767
93.6467
95.1925
95.806
95.5414
95.3527
95.0504
94.9657
95.2681
95.2874
95.1592
95.3165
95.0767
93.699
92.5926
92.5926
92.5926
92.5926
92.5926
92.9259
93.5046
93.7595
94.3528
94.9367
94.6472
94.1151
94.1061
94.0637
94.3564
95.1123
95.2858
96.3373
97.6903
98.228
98.7326
99.1626
99.3536
99.6848
100.285
100.843
101.234
101.351
101.387
101.732
101.732
101.732
101.732
103.162
103.616
101.588
103.001
104.537
104.895
104.368
104.056
104.583
104.793
104.429
104.167
104.167
104.167
103.925
103.566
103.448
103.517
103.876
104.167
103.848
103.231
103.034
103.011
102.541
102.449
102.371
102.041
102.287
102.449
102.079
101.633
101.757
101.696
101.074
100.734
100.818
100.908
100.095
99.3377
99.0659
98.9404
99.3474
99.7351
99.6
99.6689
99.7351
99.2105
98.9404
99.0789
98.9561
98.0742
97.2071
96.8622
96.3414
94.5382
93.1677
93.5568
93.363
91.5708
90.3614
90.9735
90.5484
87.9642
88.9403
91.6677
91.7118
91.2303
90.9091
91.3463
91.12
89.6069
88.7574
89.5923
89.596
87.6902
89.6041
90.9194
89.747
91.4431
90.6979
90.012
91.2597
91.0376
92.2861
93.75
93.75
93.9256
94.5287
95.2487
96.0197
96.6361
96.6824
96.4022
96.8082
97.4026
97.5885
98.0229
98.4778
98.6842
98.0895
97.6703
98.2489
98.9087
98.9563
99.3737
100.285
100.843
101.234
101.351
101.351
101.351
101.351
101.351
101.351
101.478
101.691
101.224
101.356
102.329
102.449
102.329
102.449
102.329
102.438
102.401
102.329
102.449
102.648
103.474
103.605
102.649
102.376
103.006
103.375
103.116
102.516
102.405
101.957
102.007
101.898
101.101
100.807
100.005
99.7325
99.3474
99.2
99.2879
98.8
99.2647
99.2421
96.9304
94.4622
93.4578
93.0859
92.2338
90.6098
89.5209
89.3114
89.5787
90.4447
89.8694
87.0296
87.3377
88.3877
87.6678
89.1037
87.8354
86.4372
87.8435
86.1958
86.7307
88.5444
86.8069
88.8706
89.9819
88.7881
91.7052
91.5296
91.4557
93.1282
92.0058
93.7674
93.9775
93.268
94.7561
93.2903
94.2887
95.7712
93.76
92.597
93.9918
94.0906
92.4208
91.4859
89.853
91.6378
93.036
92.2068
93.5033
92.8944
93.2251
93.8559
92.4841
93.8923
95.5414
95.3068
95.6357
96.4557
95.8342
95.555
95.2308
94.6154
95.1801
94.3024
95.1835
95.986
95.0649
96.3145
97.023
97.6986
98.6537
98.8594
99.2947
99.7775
100
100.627
101.05
100.946
100.95
100.483
100.392
101.34
102.024
101.826
101.786
102.256
102.262
101.663
101.666
102.01
101.848
101.503
101.222
100.546
100.333
100.668
100.671
100.394
99.9365
100.546
101.003
100.116
99.6564
99.5965
98.9961
98.2946
98.0392
97.5585
96.926
96.4334
95.2161
94.3396
94.3396
94.3396
94.3396
94.3396
88.2574
86.3564
86.3564
86.3564
86.9941
82.0202
87.9581
85.3241
80.8937
84.7166
83.6304
85.642
89.1566
83.7376
86.9536
90.5487
85.0047
87.7394
89.0337
85.6351
85.5968
91.3702
98.1032
94.8083
88.6039
92.5314
94.2925
90.631
91.2786
92.5679
88.7823
85.8347
88.4175
89.6279
89.3186
88.9435
89.5176
90.9947
89.2786
87.9755
90.3163
89.9858
90.4756
92.5657
92.963
92.7683
91.1843
91.7655
94.4978
95.1592
95.2874
95.5414
95.5414
95.0762
94.2101
96.5736
97.9114
96.121
95.7692
96.0123
96.5087
96.7742
97.4083
98.0762
97.7563
97.4026
97.7158
98.0341
97.7002
97.0677
96.8096
97.4421
98.3075
98.63
98.6842
98.6842
98.6842
99.0005
99.3273
99.5205
91.4634
91.4634
91.1834
91.8788
91.1772
89.7992
90.3571
92.0227
91.9105
91.141
91.9571
91.8744
90.1645
89.8047
91.6464
93.1426
93.4519
92.3365
91.5574
92.0669
92.2745
92.7285
94.4017
95.7123
95.2184
95.2685
96.3945
96.8731
97.1613
97.054
97.7903
98.6842
98.6842
98.8201
99.1469
99.3377
99.3377
99.3377
99.1469
98.9404
99.0789
98.9587
99.3053
99.7168
99.4225
99.7811
101.133
102.041
101.372
100.954
101.278
101.495
101.839
102.041
102.041
102.041
102.041
102.228
102.578
102.67
102.32
102.041
102.041
101.581
101.059
101.174
101.166
99.5098
98.0392
97.8279
96.9769
95.6878
95.2898
95.2657
93.4809
91.1667
90.3614
88.0565
85.8787
85.819
84.4828
83.5102
83.5912
83.184
83.0755
83.1042
82.674
82.6416
82.6266
82.1936
82.2086
81.7388
80.637
80.2139
80.2139
80.2415
80.4571
80.7847
81.0026
81.0811
81.0811
81.3063
82.4324
83.5102
84.1379
85.3978
85.5231
85.0443
85.4237
85.1719
84.9153
85.3747
86.185
86.7052
86.8383
87.0903
87.2093
87.2093
87.3113
87.5746
87.9856
88.2353
88.8264
90.721
92.0245
92.0245
91.4768
90.1074
89.2857
90.463
91.9982
92.3535
93.6437
93.229
91.8115
92.6347
93.1677
93.7255
93.1451
91.5578
91.3269
92.3565
93.389
93.9649
94.7596
95.6767
96.7582
97.6169
97.9552
98.1321
98.4546
98.6842
98.6842
98.6842
98.6842
98.7522
99.0789
99.6689
100
100
100
100.067
100.403
100.671
100.949
101.507
101.757
101.633
101.823
102.424
103.068
103.423
103.233
103.034
103.151
103.034
103.134
103.448
103.448
103.448
103.618
103.977
104.167
104.161
103.802
103.756
103.862
103.362
103.034
103.075
102.565
101.329
100.96
101.3
100.711
99.4639
99.0789
98.9927
98.1459
97.6987
97.5524
96.4537
93.8084
92.2608
92.0937
91.3595
91.2461
90.0043
88.3902
88.2833
88.5444
87.4915
85.9699
85.6912
84.9689
84.2697
84.2697
84.2697
84.4506
84.8552
85.3966
85.9468
85.7898
85.0731
84.7458
85.0944
85.5787
85.7143
85.4903
85.2468
85.3837
86.8877
88.2353
86.9463
86.9463
86.9463
86.9463
85.6331
87.4806
88.8293
90.5285
91.3636
92.6799
93.75
94.2014
95.1731
95.9236
96.464
96.5385
96.3871
96.6228
96.7842
97.0984
97.6572
98.1613
98.5475
98.6378
98.3153
98.3359
98.8885
99.0789
99.0331
99.5263
100
99.1373
99.2432
100.944
101.362
99.8657
98.6842
98.9665
98.4525
97.4782
97.6698
98.0392
97.1267
97.3302
98.892
99.1404
98.5695
99.098
100.295
100.4
100.105
100
99.9421
99.2842
98.9692
99.2959
99.0417
98.3924
98.0418
98.3643
98.1767
97.8947
98.4023
98.6429
98.3204
98.6262
99.5059
99.4131
98.7099
98.8651
99.3377
99.058
98.9404
99.0789
98.8698
98.6842
99.011
99.0789
98.9404
99.0789
98.9404
99.0606
99.0293
98.7025
98.5191
98.1966
98.0808
98.73
97.1986
94.6995
94.3396
94.2072
94.2072
94.2072
94.2072
94.2072
94.2072
88.9888
90.3422
90.9091
91.1685
92.3431
93.904
94.7699
95.2657
96.5805
98.0255
98.9472
100.067
100.677
101.361
101.754
101.633
102.084
102.555
102.788
103.142
102.761
101.782
101.633
101.757
101.544
101.376
101.721
101.732
101.387
101.351
101.351
101.297
100.957
101
101.074
100.35
99.6098
99.2802
98.9535
99.6379
100.631
100.478
100.268
100.524
101.074
101.351
101.351
101.569
101.569
101.569
100.623
99.6296
99.6296
104.167
103.917
103.75
104.14
104.671
104.826
104.102
103.448
103.448
103.23
102.876
102.839
103.151
103.051
103.077
103.716
104.092
104.167
104.167
104.167
104.178
104.543
104.572
104.207
104.167
104.167
103.967
103.293
103.134
103.448
103.168
103.034
102.989
102.418
102.08
102.429
102.084
101.918
102.573
102.74
102.74
102.74
102.74
102.74
102.74
102.536
101.501
99.6778
98.6842
98.3695
96.6559
94.9417
94.7815
94.9367
92.2468
90.7785
92.6852
92.9815
92.5926
92.8042
93.3543
94.0162
94.3396
94.3396
94.3396
94.4471
94.7456
94.9367
94.9367
94.9367
95.216
96.1549
97.1085
97.6674
98.1818
98.5578
98.8
99.4579
99.3579
99.2
99.8421
100
100
100
100
100
100.188
100.523
100.612
100.277
100
100.26
100.4
100.268
100.53
101.074
101.009
100.949
100.862
100.541
100.968
101.308
100.632
100.29
100.854
101.074
100.946
101.151
101.735
101.718
101.633
101.955
101.767
101.224
101.498
102.041
101.746
101.633
101.928
101.931
101.633
101.743
101.71
101.365
101.555
101.476
100.454
99.2
99.3421
98.7097
97.451
97.1394
95.6458
95.6348
95.0514
93.2661
92.9896
91.2979
91.8811
93.2204
92.6499
94.1279
94.8972
94.1038
93.508
92.9348
92.9446
92.6327
92.4224
92.9574
93.1045
91.9752
92.1715
93.6149
93.5849
93.8568
93.8099
93.0468
92.5223
91.8451
91.184
91.2928
91.8505
92.1171
93.2747
93.6338
93.2075
93.985
94.7098
92.704
91.3256
92.6738
93.1265
92.555
92.2427
92.5267
92.4932
91.9286
91.4634
91.7751
92.4133
92.9538
93.1677
93.7692
94.6537
94.9367
94.9367
95.4771
96.4853
97.3077
97.9101
98.4211
98.372
98.5326
98.9964
98.8358
98.7182
99.045
99.6344
99.7351
99.6
99.9271
100.4
100.303
100.301
100.636
100.671
100.78
101.12
101.351
101.351
101.616
101.961
101.897
101.633
101.757
101.677
101.957
102.651
102.552
102.329
102.516
102.74
102.74
102.146
101.683
102.101
102.114
100.964
100.379
100.357
100.021
100
99.8887
99.6
99.7113
100
100
100.177
100.513
100.671
100.671
100.671
100.93
101.074
100.815
100.671
100.671
100.671
102.905
102.905
96.4238
99.8268
97.9788
102.074
100.874
100.874
100.874
94.7721
93.8649
91.706
91.5335
90.5322
90.0974
89.8032
89.0012
88.7574
89.2846
89.9936
90.3582
90.7273
91.1885
91.6587
91.9392
92.0245
92.0245
92.2472
91.2177
88.7639
88.9619
89.3257
87.6901
86.6545
86.462
87.531
87.6069
83.9691
84.213
87.01
85.5312
85.7983
87.2093
87.2093
87.2093
87.2093
87.9091
89.2146
89.8204
90.2907
90.9858
91.7399
93.603
94.6477
94.557
94.9766
95.4782
96.2663
96.7742
96.5583
96.5279
97.1964
98.1818
98.3617
98.543
99.571
100.383
100.609
100.274
100.33
100.935
101.49
101.465
100.657
100.413
100.671
100.96
101.3
101.351
101.351
101.313
100.973
101.623
102.657
102.947
102.856
102.207
102.68
103.836
103.833
103.202
102.822
102.893
103.345
103.949
104.575
104.189
103.759
103.862
103.569
103.572
104.001
104.601
104.895
104.566
103.932
103.537
103.448
103.163
102.145
101.726
101.726
101.887
102.551
102.74
102.74
102.74
102.74
102.429
102.329
102.639
102.74
102.595
101.901
101.351
101.066
100.726
100.826
100.892
100.071
99.3377
99.3377
99.3377
99.3377
99.3377
99.3222
98.6729
98.0392
97.1457
95.5944
94.8943
94.0097
92.9492
92.795
92.8148
91.8396
90.9091
90.9091
90.969
91.2461
90.9653
90.4143
90.4294
90.7032
89.9107
88.6845
88.4024
88.5527
88.5318
88.2708
88.0892
87.0751
87.3645
88.4804
87.8321
87.4725
86.8919
85.7083
85.5331
87.2429
89.1654
89.6899
89.8204
90.0476
90.6003
91.1391
91.1308
91.153
91.9142
92.7996
93.1677
93.4565
94.8243
96.1923
96.3871
96.5335
97.3966
98.2742
98.6068
98.6842
98.7208
99.0476
99.3377
99.3377
99.4993
99.9271
100.465
101.044
101.351
101.104
100.764
100.788
101.128
101.351
101.688
102.312
102.894
103.318
103.338
103.034
103.145
103.448
103.744
103.862
103.566
103.575
103.934
104.132
103.419
103.688
104.498
104.053
103.904
104.478
104.797
104.073
103.799
104.458
104.583
104.283
104.032
103.908
104.718
104.842
104.505
104.583
103.794
103.167
103.044
102.621
102.835
103.105
103.034
102.927
102.294
101.844
101.191
101.044
101.041
100.946
101.256
101.232
100.733
99.5187
98.3798
98.0573
97.7255
97.093
96.7643
96.1479
95.7741
95.465
94.4742
94.481
94.0805
94.2113
95.5438
95.7692
95.9015
93.4662
90.57
89.5977
86.7899
84.9518
84.8726
84.1969
84.038
84.2697
84.3097
84.5477
84.9268
85.1676
85.2273
86.1549
87.2887
87.7575
88.6529
89.5124
90.2003
91.0625
91.4634
91.4634
91.625
91.8293
91.6677
91.1973
91.0976
91.3636
91.4214
88.7931
86.2069
86.564
88.1034
86.8496
85.7273
88.6554
88.2382
87.5511
89.3578
89.8398
90.1104
90.3614
90.3614
91.0664
91.0664
91.0664
91.0664
94.1248
94.1248
94.1248
95.1641
95.6183
95.9995
96.1538
97.419
98.4314
98.2895
98.7686
99.5684
100
100
100
99.8199
99.4887
99.2959
98.9692
98.6842
98.9116
98.9116
98.9116
93.7521
92.3333
92.3333
92.3333
92.3333
102.162
101.918
102.162
102.74
102.449
102.1
102.209
102.449
102.377
102.84
103.799
103.282
102.684
103.376
103.862
103.75
103.871
104.167
103.853
103.75
104.063
104.02
103.75
103.897
104.167
104.167
104.167
104.167
103.991
103.75
103.925
104.167
104.167
104.167
104.167
103.963
103.459
103.034
103.151
103.066
102.74
102.74
102.74
102.74
102.911
103.624
104.167
103.83
103.75
103.641
103.17
103.151
102.989
102.74
101.747
99.7019
98.3445
97.7376
96.7728
95.8256
95.7913
95.9236
95.3942
94.3757
94.0542
94.7963
95.2448
95.1592
95.3116
95.2439
94.9415
95.0746
95.3769
95.5414
95.5414
94.527
92.9413
92.2222
92.3336
92.3676
89.6296
89.6296
86.2651
87.597
84.3232
86.0246
84.7059
81.9415
84.7059
84.1135
83.2941
86.2782
85.6444
85.6236
87.9036
88.0473
88.2467
88.7574
88.9232
89.4547
90.0844
89.8352
89.4402
90.5109
90.655
90.1863
90.6277
90.5455
90.9124
91.8519
91.9791
91.075
90.9477
92.3232
93.4665
93.922
94.8177
96.1183
96.3057
96
96.367
96.402
95.5745
95.598
96.4875
96.8395
97.1537
98.028
98.9172
99.2593
99.5671
100.183
100.285
100.319
100.914
101.468
101.895
102.041
102.041
102.041
101.74
101.633
101.583
101.224
101.525
101.646
101.682
101.757
101.426
101.351
101.351
101.368
101.713
102.041
102.041
102.407
102.733
102.207
102.568
102.383
102.224
102.568
101.863
101.973
102.499
102.74
102.74
103.316
104.03
103.807
103.456
104.041
104.056
104.195
103.938
103.374
103.763
103.459
102.866
102.351
102.79
102.5
102.207
102.761
102.087
100.965
99.8764
99.6636
100.258
100.599
100.671
100.465
99.471
99.0084
98.8261
96.6544
93.6418
91.879
90.4268
89.338
89.216
88.9518
88.7574
88.4667
87.9477
87.7193
87.9319
88.1899
87.9565
85.2753
83.8049
84.9208
84.219
84.1061
85.2529
85.9052
85.4646
85.3336
86.3133
86.7052
86.293
85.9039
86.161
88.652
89.9465
89.0909
90.0317
90.343
90.3987
91.1116
91.1382
91.8114
91.9394
91.4815
92
91.6162
91.8577
92.5166
92.0497
92.5201
94.0097
94.486
94.1772
94.5425
94.5952
94.8636
95.2782
95.267
95.5743
94.188
94.0313
95.812
96.448
97.3906
98.0392
98.3179
98.8521
99.5161
100.215
100.285
100.708
101.058
100.946
101.24
101.248
100.985
101.433
102.041
101.779
101.633
101.895
102.041
102.075
102.778
103.448
103.448
103.652
104.163
104.389
103.636
103.929
104.201
103.765
103.632
103.333
103.796
104.167
104.167
104.167
103.545
103.333
103.757
103.47
102.955
102.701
102.007
101.652
101.997
102.041
101.805
101.12
100.671
100.031
99.3644
99.16
98.9404
99.0789
98.9718
98.6842
98.6842
98.6842
98.7679
99.0946
99.3377
99.0633
98.7365
98.6842
98.6223
98.2998
98.0392
98.2792
98.4314
98.3888
98.8859
99.3377
99.0476
98.9404
99.2306
99.2541
98.9017
98.0178
97.4026
97.2216
97.6764
99.5316
99.0769
96.5464
94.262
93.0832
95.0188
96.4293
94.8638
92.2527
90.4923
91.3228
92.8617
93.1493
93.7052
95.0967
95.1451
94.5904
95.0631
95.4132
95.561
95.8672
95.904
96.4777
97.7724
97.753
96.7083
97.8154
100.187
101.29
102.754
104.801
104.801
104.801
100.723
99.7831
99.0834
99.3709
101.284
103.085
103.151
103.034
102.812
100.822
96.8919
97.9577
100.498
100.135
100.989
101.259
100.946
101.038
103.606
102.673
102.673
102.673
98.8235
98.621
98.323
98.4314
97.7328
96.7413
96.5236
96.7742
96.5533
96.2432
95.9579
95.0508
94.6214
94.92
94.5688
93.6843
93.1677
93.4123
93.7034
93.9161
94.4907
93.7459
92.7996
93.0872
93.2096
93.5008
94.2627
94.6769
94.459
94.3068
93.7208
92.7287
92.2889
92.3926
92.2608
92.2699
92.554
92.5153
92.2313
92.2995
92.7767
93.6467
95.1925
95.806
95.5414
95.3527
95.0504
94.9657
95.2681
95.2874
95.1592
95.3165
95.0767
93.699
92.5926
92.5926
92.5926
92.5926
92.5926
92.9259
93.5046
93.7595
94.3528
94.9367
94.6472
94.1151
94.1061
94.0637
94.3564
95.1123
95.2858
96.3373
97.6903
98.228
98.7326
99.1626
99.3536
99.6848
100.285
100.843
101.234
101.351
101.387
101.732
101.732
101.732
101.732
103.162
103.616
101.588
103.001
104.537
104.895
104.368
104.056
104.583
104.793
104.429
104.167
104.167
104.167
103.925
103.566
103.448
103.517
103.876
104.167
103.848
103.231
103.034
103.011
102.541
102.449
102.371
102.041
102.287
102.449
102.079
101.633
101.757
101.696
101.074
100.734
100.818
100.908
100.095
99.3377
99.0659
98.9404
99.3474
99.7351
99.6
99.6689
99.7351
99.2105
98.9404
99.0789
98.9561
98.0742
97.2071
96.8622
96.3414
94.5382
93.1677
93.5568
93.363
91.5708
90.3614
90.9735
90.5484
87.9642
88.9403
91.6677
91.7118
91.2303
90.9091
91.3463
91.12
89.6069
88.7574
89.5923
89.596
87.6902
89.6041
90.9194
89.747
91.4431
90.6979
90.012
91.2597
91.0376
92.2861
93.75
93.75
93.9256
94.5287
95.2487
96.0197
96.6361
96.6824
96.4022
96.8082
97.4026
97.5885
98.0229
98.4778
98.6842
98.0895
97.6703
98.2489
98.9087
98.9563
99.3737
100.285
100.843
101.234
101.351
101.351
101.351
101.351
101.351
101.351
101.478
101.691
101.224
101.356
102.329
102.449
102.329
102.449
102.329
102.438
102.401
102.329
102.449
102.648
103.474
103.605
102.649
102.376
103.006
103.375
103.116
102.516
102.405
101.957
102.007
101.898
101.101
100.807
100.005
99.7325
99.3474
99.2
99.2879
98.8
99.2647
99.2421
96.9304
94.4622
93.4578
93.0859
92.2338
90.6098
89.5209
89.3114
89.5787
90.4447
89.8694
87.0296
87.3377
88.3877
87.6678
89.1037
87.8354
86.4372
87.8435
86.1958
86.7307
88.5444
86.8069
88.8706
89.9819
88.7881
91.7052
91.5296
91.4557
93.1282
92.0058
93.7674
93.9775
93.268
94.7561
93.2903
94.2887
95.7712
93.76
92.597
93.9918
94.0906
92.4208
91.4859
89.853
91.6378
93.036
92.2068
93.5033
92.8944
93.2251
93.8559
92.4841
93.8923
95.5414
95.3068
95.6357
96.4557
95.8342
95.555
95.2308
94.6154
95.1801
94.3024
95.1835
95.986
95.0649
96.3145
97.023
97.6986
98.6537
98.8594
99.2947
99.7775
100
100.627
101.05
100.946
100.95
100.483
100.392
101.34
102.024
101.826
101.786
102.256
102.262
101.663
101.666
102.01
101.848
101.503
101.222
100.546
100.333
100.668
100.671
100.394
99.9365
100.546
101.003
100.116
99.6564
99.5965
98.9961
98.2946
98.0392
97.5585
96.926
96.4334
95.2161
94.3396
94.3396
94.3396
94.3396
94.3396
88.2574
86.3564
86.3564
86.3564
86.9941
82.0202
87.9581
85.3241
80.8937
84.7166
83.6304
85.642
89.1566
83.7376
86.9536
90.5487
85.0047
87.7394
89.0337
85.6351
85.5968
91.3702
98.1032
94.8083
88.6039
92.5314
94.2925
90.631
91.2786
92.5679
88.7823
85.8347
88.4175
89.6279
89.3186
88.9435
89.5176
90.9947
89.2786
87.9755
90.3163
89.9858
90.4756
92.5657
92.963
92.7683
91.1843
91.7655
94.4978
95.1592
95.2874
95.5414
95.5414
95.0762
94.2101
96.5736
97.9114
96.121
95.7692
96.0123
96.5087
96.7742
97.4083
98.0762
97.7563
97.4026
97.7158
98.0341
97.7002
97.0677
96.8096
97.4421
98.3075
98.63
98.6842
98.6842
98.6842
99.0005
99.3273
99.5205
91.4634
91.4634
91.1834
91.8788
91.1772
89.7992
90.3571
92.0227
91.9105
91.141
91.9571
91.8744
90.1645
89.8047
91.6464
93.1426
93.4519
92.3365
91.5574
92.0669
92.2745
92.7285
94.4017
95.7123
95.2184
95.2685
96.3945
96.8731
97.1613
97.054
97.7903
98.6842
98.6842
98.8201
99.1469
99.3377
99.3377
99.3377
99.1469
98.9404
99.0789
98.9587
99.3053
99.7168
99.4225
99.7811
101.133
102.041
101.372
100.954
101.278
101.495
101.839
102.041
102.041
102.041
102.041
102.228
102.578
102.67
102.32
102.041
102.041
101.581
101.059
101.174
101.166
99.5098
98.0392
97.8279
96.9769
95.6878
95.2898
95.2657
93.4809
91.1667
90.3614
88.0565
85.8787
85.819
84.4828
83.5102
83.5912
83.184
83.0755
83.1042
82.674
82.6416
82.6266
82.1936
82.2086
81.7388
80.637
80.2139
80.2139
80.2415
80.4571
80.7847
81.0026
81.0811
81.0811
81.3063
82.4324
83.5102
84.1379
85.3978
85.5231
85.0443
85.4237
85.1719
84.9153
85.3747
86.185
86.7052
86.8383
87.0903
87.2093
87.2093
87.3113
87.5746
87.9856
88.2353
88.8264
90.721
92.0245
92.0245
91.4768
90.1074
89.2857
90.463
91.9982
92.3535
93.6437
93.229
91.8115
92.6347
93.1677
93.7255
93.1451
91.5578
91.3269
92.3565
93.389
93.9649
94.7596
95.6767
96.7582
97.6169
97.9552
98.1321
98.4546
98.6842
98.6842
98.6842
98.6842
98.7522
99.0789
99.6689
100
100
100
100.067
100.403
100.671
100.949
101.507
101.757
101.633
101.823
102.424
103.068
103.423
103.233
103.034
103.151
103.034
103.134
103.448
103.448
103.448
103.618
103.977
104.167
104.161
103.802
103.756
103.862
103.362
103.034
103.075
102.565
101.329
100.96
101.3
100.711
99.4639
99.0789
98.9927
98.1459
97.6987
97.5524
96.4537
93.8084
92.2608
92.0937
91.3595
91.2461
90.0043
88.3902
88.2833
88.5444
87.4915
85.9699
85.6912
84.9689
84.2697
84.2697
84.2697
84.4506
84.8552
85.3966
85.9468
85.7898
85.0731
84.7458
85.0944
85.5787
85.7143
85.4903
85.2468
85.3837
86.8877
88.2353
86.9463
86.9463
86.9463
86.9463
85.6331
87.4806
88.8293
90.5285
91.3636
92.6799
93.75
94.2014
95.1731
95.9236
96.464
96.5385
96.3871
96.6228
96.7842
97.0984
97.6572
98.1613
98.5475
98.6378
98.3153
98.3359
98.8885
99.0789
99.0331
99.5263
100
99.1373
99.2432
100.944
101.362
99.8657
98.6842
98.9665
98.4525
97.4782
97.6698
98.0392
97.1267
97.3302
98.892
99.1404
98.5695
99.098
100.295
100.4
100.105
100
99.9421
99.2842
98.9692
99.2959
99.0417
98.3924
98.0418
98.3643
98.1767
97.8947
98.4023
98.6429
98.3204
98.6262
99.5059
99.4131
98.7099
98.8651
99.3377
99.058
98.9404
99.0789
98.8698
98.6842
99.011
99.0789
98.9404
99.0789
98.9404
99.0606
99.0293
98.7025
98.5191
98.1966
98.0808
98.73
97.1986
94.6995
94.3396
94.2072
94.2072
94.2072
94.2072
94.2072
94.2072
88.9888
90.3422
90.9091
91.1685
92.3431
93.904
94.7699
95.2657
96.5805
98.0255
98.9472
100.067
100.677
101.361
101.754
101.633
102.084
102.555
102.788
103.142
102.761
101.782
101.633
101.757
101.544
101.376
101.721
101.732
101.387
101.351
101.351
101.297
100.957
101
101.074
100.35
99.6098
99.2802
98.9535
99.6379
100.631
100.478
100.268
100.524
101.074
101.351
101.351
101.569
101.569
101.569
100.623
99.6296
99.6296
104.167
103.917
103.75
104.14
104.671
104.826
104.102
103.448
103.448
103.23
102.876
102.839
103.151
103.051
103.077
103.716
104.092
104.167
104.167
104.167
104.178
104.543
104.572
104.207
104.167
104.167
103.967
103.293
103.134
103.448
103.168
103.034
102.989
102.418
102.08
102.429
102.084
101.918
102.573
102.74
102.74
102.74
102.74
102.74
102.74
102.536
101.501
99.6778
98.6842
98.3695
96.6559
94.9417
94.7815
94.9367
92.2468
90.7785
92.6852
92.9815
92.5926
92.8042
93.3543
94.0162
94.3396
94.3396
94.3396
94.4471
94.7456
94.9367
94.9367
94.9367
95.216
96.1549
97.1085
97.6674
98.1818
98.5578
98.8
99.4579
99.3579
99.2
99.8421
100
100
100
100
100
100.188
100.523
100.612
100.277
100
100.26
100.4
100.268
100.53
101.074
101.009
100.949
100.862
100.541
100.968
101.308
100.632
100.29
100.854
101.074
100.946
101.151
101.735
101.718
101.633
101.955
101.767
101.224
101.498
102.041
101.746
101.633
101.928
101.931
101.633
101.743
101.71
101.365
101.555
101.476
100.454
99.2
99.3421
98.7097
97.451
97.1394
95.6458
95.6348
95.0514
93.2661
92.9896
91.2979
91.8811
93.2204
92.6499
94.1279
94.8972
94.1038
93.508
92.9348
92.9446
92.6327
92.4224
92.9574
93.1045
91.9752
92.1715
93.6149
93.5849
93.8568
93.8099
93.0468
92.5223
91.8451
91.184
91.2928
91.8505
92.1171
93.2747
93.6338
93.2075
93.985
94.7098
92.704
91.3256
92.6738
93.1265
92.555
92.2427
92.5267
92.4932
91.9286
91.4634
91.7751
92.4133
92.9538
93.1677
93.7692
94.6537
94.9367
94.9367
95.4771
96.4853
97.3077
97.9101
98.4211
98.372
98.5326
98.9964
98.8358
98.7182
99.045
99.6344
99.7351
99.6
99.9271
100.4
100.303
100.301
100.636
100.671
100.78
101.12
101.351
101.351
101.616
101.961
101.897
101.633
101.757
101.677
101.957
102.651
102.552
102.329
102.516
102.74
102.74
102.146
101.683
102.101
102.114
100.964
100.379
100.357
100.021
100
99.8887
99.6
99.7113
100
100
100.177
100.513
100.671
100.671
100.671
100.93
101.074
100.815
100.671
100.671
100.671
102.905
102.905
96.4238
99.8268
97.9788
102.074
100.874
100.874
100.874
94.7721
93.8649
91.706
91.5335
90.5322
90.0974
89.8032
89.0012
88.7574
89.2846
89.9936
90.3582
90.7273
91.1885
91.6587
91.9392
92.0245
92.0245
92.2472
91.2177
88.7639
88.9619
89.3257
87.6901
86.6545
86.462
87.531
87.6069
83.9691
84.213
87.01
85.5312
85.7983
87.2093
87.2093
87.2093
87.2093
87.9091
89.2146
89.8204
90.2907
90.9858
91.7399
93.603
94.6477
94.557
94.9766
95.4782
96.2663
96.7742
96.5583
96.5279
97.1964
98.1818
98.3617
98.543
99.571
100.383
100.609
100.274
100.33
100.935
101.49
101.465
100.657
100.413
100.671
100.96
101.3
101.351
101.351
101.313
100.973
101.623
102.657
102.947
102.856
102.207
102.68
103.836
103.833
103.202
102.822
102.893
103.345
103.949
104.575
104.189
103.759
103.862
103.569
103.572
104.001
104.601
104.895
104.566
103.932
103.537
103.448
103.163
102.145
101.726
101.726
101.887
102.551
102.74
102.74
102.74
102.74
102.429
102.329
102.639
102.74
102.595
101.901
101.351
101.066
100.726
100.826
100.892
100.071
99.3377
99.3377
99.3377
99.3377
99.3377
99.3222
98.6729
98.0392
97.1457
95.5944
94.8943
94.0097
92.9492
92.795
92.8148
91.8396
90.9091
90.9091
90.969
91.2461
90.9653
90.4143
90.4294
90.7032
89.9107
88.6845
88.4024
88.5527
88.5318
88.2708
88.0892
87.0751
87.3645
88.4804
87.8321
87.4725
86.8919
85.7083
85.5331
87.2429
89.1654
89.6899
89.8204
90.0476
90.6003
91.1391
91.1308
91.153
91.9142
92.7996
93.1677
93.4565
94.8243
96.1923
96.3871
96.5335
97.3966
98.2742
98.6068
98.6842
98.7208
99.0476
99.3377
99.3377
99.4993
99.9271
100.465
101.044
101.351
101.104
100.764
100.788
101.128
101.351
101.688
102.312
102.894
103.318
103.338
103.034
103.145
103.448
103.744
103.862
103.566
103.575
103.934
104.132
103.419
103.688
104.498
104.053
103.904
104.478
104.797
104.073
103.799
104.458
104.583
104.283
104.032
103.908
104.718
104.842
104.505
104.583
103.794
103.167
103.044
102.621
102.835
103.105
103.034
102.927
102.294
101.844
101.191
101.044
101.041
100.946
101.256
101.232
100.733
99.5187
98.3798
98.0573
97.7255
97.093
96.7643
96.1479
95.7741
95.465
94.4742
94.481
94.0805
94.2113
95.5438
95.7692
95.9015
93.4662
90.57
89.5977
86.7899
84.9518
84.8726
84.1969
84.038
84.2697
84.3097
84.5477
84.9268
85.1676
85.2273
86.1549
87.2887
87.7575
88.6529
89.5124
90.2003
91.0625
91.4634
91.4634
91.625
91.8293
91.6677
91.1973
91.0976
91.3636
91.4214
88.7931
86.2069
86.564
88.1034
86.8496
85.7273
88.6554
88.2382
87.5511
89.3578
89.8398
90.1104
90.3614
90.3614
91.0664
91.0664
91.0664
91.0664
94.1248
94.1248
94.1248
95.1641
95.6183
95.9995
96.1538
97.419
98.4314
98.2895
98.7686
99.5684
100
100
100
99.8199
99.4887
99.2959
98.9692
98.6842
98.9116
98.9116
98.9116
93.7521
92.3333
92.3333
92.3333
92.3333
102.162
101.918
102.162
102.74
102.449
102.1
102.209
102.449
102.377
102.84
103.799
103.282
102.684
103.376
103.862
103.75
103.871
104.167
103.853
103.75
104.063
104.02
103.75
103.897
104.167
104.167
104.167
104.167
103.991
103.75
103.925
104.167
104.167
104.167
104.167
103.963
103.459
103.034
103.151
103.066
102.74
102.74
102.74
102.74
102.911
103.624
104.167
103.83
103.75
103.641
103.17
103.151
102.989
102.74
101.747
99.7019
98.3445
97.7376
96.7728
95.8256
95.7913
95.9236
95.3942
94.3757
94.0542
94.7963
95.2448
95.1592
95.3116
95.2439
94.9415
95.0746
95.3769
95.5414
95.5414
94.527
92.9413
92.2222
92.3336
92.3676
89.6296
89.6296
86.2651
87.597
84.3232
86.0246
84.7059
81.9415
84.7059
84.1135
83.2941
86.2782
85.6444
85.6236
87.9036
88.0473
88.2467
88.7574
88.9232
89.4547
90.0844
89.8352
89.4402
90.5109
90.655
90.1863
90.6277
90.5455
90.9124
91.8519
91.9791
91.075
90.9477
92.3232
93.4665
93.922
94.8177
96.1183
96.3057
96
96.367
96.402
95.5745
95.598
96.4875
96.8395
97.1537
98.028
98.9172
99.2593
99.5671
100.183
100.285
100.319
100.914
101.468
101.895
102.041
102.041
102.041
101.74
101.633
101.583
101.224
101.525
101.646
101.682
101.757
101.426
101.351
101.351
101.368
101.713
102.041
102.041
102.407
102.733
102.207
102.568
102.383
102.224
102.568
101.863
101.973
102.499
102.74
102.74
103.316
104.03
103.807
103.456
104.041
104.056
104.195
103.938
103.374
103.763
103.459
102.866
102.351
102.79
102.5
102.207
102.761
102.087
100.965
99.8764
99.6636
100.258
100.599
100.671
100.465
99.471
99.0084
98.8261
96.6544
93.6418
91.879
90.4268
89.338
89.216
88.9518
88.7574
88.4667
87.9477
87.7193
87.9319
88.1899
87.9565
85.2753
83.8049
84.9208
84.219
84.1061
85.2529
85.9052
85.4646
85.3336
86.3133
86.7052
86.293
85.9039
86.161
88.652
89.9465
89.0909
90.0317
90.343
90.3987
91.1116
91.1382
91.8114
91.9394
91.4815
92
91.6162
91.8577
92.5166
92.0497
92.5201
94.0097
94.486
94.1772
94.5425
94.5952
94.8636
95.2782
95.267
95.5743
94.188
94.0313
95.812
96.448
97.3906
98.0392
98.3179
98.8521
99.5161
100.215
100.285
100.708
101.058
100.946
101.24
101.248
100.985
101.433
102.041
101.779
101.633
101.895
102.041
102.075
102.778
103.448
103.448
103.652
104.163
104.389
103.636
103.929
104.201
103.765
103.632
103.333
103.796
104.167
104.167
104.167
103.545
103.333
103.757
103.47
102.955
102.701
102.007
101.652
101.997
102.041
101.805
101.12
100.671
100.031
99.3644
99.16
98.9404
99.0789
98.9718
98.6842
98.6842
98.6842
98.7679
99.0946
99.3377
99.0633
98.7365
98.6842
98.6223
98.2998
98.0392
98.2792
98.4314
98.3888
98.8859
99.3377
99.0476
98.9404
99.2306
99.2541
98.9017
98.0178
97.4026
97.2216
97.6764
99.5316
99.0769
96.5464
94.262
93.0832
95.0188
96.4293
94.8638
92.2527
90.4923
91.3228
92.8617
93.1493
93.7052
95.0967
95.1451
94.5904
95.0631
95.4132
95.561
95.8672
95.904
96.4777
97.7724
97.753
96.7083
97.8154
100.187
101.29
102.754
104.801
104.801
104.801
100.723
99.7831
99.0834
99.3709
101.284
103.085
103.151
103.034
102.812
100.822
96.8919
97.9577
100.498
100.135
100.989
101.259
100.946
101.038
103.606
102.673
102.673
102.673
98.8235
98.621
98.323
98.4314
97.7328
96.7413
96.5236
96.7742
96.5533
96.2432
95.9579
95.0508
94.6214
94.92
94.5688
93.6843
93.1677
93.4123
93.7034
93.9161
94.4907
93.7459
92.7996
93.0872
93.2096
93.5008
94.2627
94.6769
94.459
94.3068
93.7208
92.7287
92.2889
92.3926
92.2608
92.2699
92.554
92.5153
92.2313
92.2995
92.7767
93.6467
95.1925
95.806
95.5414
95.3527
95.0504
94.9657
95.2681
95.2874
95.1592
95.3165
95.0767
93.699
92.5926
92.5926
92.5926
92.5926
92.5926
92.9259
93.5046
93.7595
94.3528
94.9367
94.6472
94.1151
94.1061
94.0637
94.3564
95.1123
95.2858
96.3373
97.6903
98.228
98.7326
99.1626
99.3536
99.6848
100.285
100.843
101.234
101.351
101.387
101.732
101.732
101.732
101.732
103.162
103.616
101.588
103.001
104.537
104.895
104.368
104.056
104.583
104.793
104.429
104.167
104.167
104.167
103.925
103.566
103.448
103.517
103.876
104.167
103.848
103.231
103.034
103.011
102.541
102.449
102.371
102.041
102.287
102.449
102.079
101.633
101.757
101.696
101.074
100.734
100.818
100.908
100.095
99.3377
99.0659
98.9404
99.3474
99.7351
99.6
99.6689
99.7351
99.2105
98.9404
99.0789
98.9561
98.0742
97.2071
96.8622
96.3414
94.5382
93.1677
93.5568
93.363
91.5708
90.3614
90.9735
90.5484
87.9642
88.9403
91.6677
91.7118
91.2303
90.9091
91.3463
91.12
89.6069
88.7574
89.5923
89.596
87.6902
89.6041
90.9194
89.747
91.4431
90.6979
90.012
91.2597
91.0376
92.2861
93.75
93.75
93.9256
94.5287
95.2487
96.0197
96.6361
96.6824
96.4022
96.8082
97.4026
97.5885
98.0229
98.4778
98.6842
98.0895
97.6703
98.2489
98.9087
98.9563
99.3737
100.285
100.843
101.234
101.351
101.351
101.351
101.351
101.351
101.351
101.478
101.691
101.224
101.356
102.329
102.449
102.329
102.449
102.329
102.438
102.401
102.329
102.449
102.648
103.474
103.605
102.649
102.376
103.006
103.375
103.116
102.516
102.405
101.957
102.007
101.898
101.101
100.807
100.005
99.7325
99.3474
99.2
99.2879
98.8
99.2647
99.2421
96.9304
94.4622
93.4578
93.0859
92.2338
90.6098
89.5209
89.3114
89.5787
90.4447
89.8694
87.0296
87.3377
88.3877
87.6678
89.1037
87.8354
86.4372
87.8435
86.1958
86.7307
88.5444
86.8069
88.8706
89.9819
88.7881
91.7052
91.5296
91.4557
93.1282
92.0058
93.7674
93.9775
93.268
94.7561
93.2903
94.2887
95.7712
93.76
92.597
93.9918
94.0906
92.4208
91.4859
89.853
91.6378
93.036
92.2068
93.5033
92.8944
93.2251
93.8559
92.4841
93.8923
95.5414
95.3068
95.6357
96.4557
95.8342
95.555
95.2308
94.6154
95.1801
94.3024
95.1835
95.986
95.0649
96.3145
97.023
97.6986
98.6537
98.8594
99.2947
99.7775
100
100.627
101.05
100.946
100.95
100.483
100.392
101.34
102.024
101.826
101.786
102.256
102.262
101.663
101.666
102.01
101.848
101.503
101.222
100.546
100.333
100.668
100.671
100.394
99.9365
100.546
101.003
100.116
99.6564
99.5965
98.9961
98.2946
98.0392
97.5585
96.926
96.4334
95.2161
94.3396
94.3396
94.3396
94.3396
94.3396
88.2574
86.3564
86.3564
86.3564
86.9941
82.0202
87.9581
85.3241
80.8937
84.7166
83.6304
85.642
89.1566
83.7376
86.9536
90.5487
85.0047
87.7394
89.0337
85.6351
85.5968
91.3702
98.1032
94.8083
88.6039
92.5314
94.2925
90.631
91.2786
92.5679
88.7823
85.8347
88.4175
89.6279
89.3186
88.9435
89.5176
90.9947
89.2786
87.9755
90.3163
89.9858
90.4756
92.5657
92.963
92.7683
91.1843
91.7655
94.4978
95.1592
95.2874
95.5414
95.5414
95.0762
94.2101
96.5736
97.9114
96.121
95.7692
96.0123
96.5087
96.7742
97.4083
98.0762
97.7563
97.4026
97.7158
98.0341
97.7002
97.0677
96.8096
97.4421
98.3075
98.63
98.6842
98.6842
98.6842
99.0005
99.3273
99.5205
91.4634
91.4634
91.1834
91.8788
91.1772
89.7992
90.3571
92.0227
91.9105
91.141
91.9571
91.8744
90.1645
89.8047
91.6464
93.1426
93.4519
92.3365
91.5574
92.0669
92.2745
92.7285
94.4017
95.7123
95.2184
95.2685
96.3945
96.8731
97.1613
97.054
97.7903
98.6842
98.6842
98.8201
99.1469
99.3377
99.3377
99.3377
99.1469
98.9404
99.0789
98.9587
99.3053
99.7168
99.4225
99.7811
101.133
102.041
101.372
100.954
101.278
101.495
101.839
102.041
102.041
102.041
102.041
102.228
102.578
102.67
102.32
102.041
102.041
101.581
101.059
101.174
101.166
99.5098
98.0392
97.8279
96.9769
95.6878
95.2898
95.2657
93.4809
91.1667
90.3614
88.0565
85.8787
85.819
84.4828
83.5102
83.5912
83.184
83.0755
83.1042
82.674
82.6416
82.6266
82.1936
82.2086
81.7388
80.637
80.2139
80.2139
80.2415
80.4571
80.7847
81.0026
81.0811
81.0811
81.3063
82.4324
83.5102
84.1379
85.3978
85.5231
85.0443
85.4237
85.1719
84.9153
85.3747
86.185
86.7052
86.8383
87.0903
87.2093
87.2093
87.3113
87.5746
87.9856
88.2353
88.8264
90.721
92.0245
92.0245
91.4768
90.1074
89.2857
90.463
91.9982
92.3535
93.6437
93.229
91.8115
92.6347
93.1677
93.7255
93.1451
91.5578
91.3269
92.3565
93.389
93.9649
94.7596
95.6767
96.7582
97.6169
97.9552
98.1321
98.4546
98.6842
98.6842
98.6842
98.6842
98.7522
99.0789
99.6689
100
100
100
100.067
100.403
100.671
100.949
101.507
101.757
101.633
101.823
102.424
103.068
103.423
103.233
103.034
103.151
103.034
103.134
103.448
103.448
103.448
103.618
103.977
104.167
104.161
103.802
103.756
103.862
103.362
103.034
103.075
102.565
101.329
100.96
101.3
100.711
99.4639
99.0789
98.9927
98.1459
97.6987
97.5524
96.4537
93.8084
92.2608
92.0937
91.3595
91.2461
90.0043
88.3902
88.2833
88.5444
87.4915
85.9699
85.6912
84.9689
84.2697
84.2697
84.2697
84.4506
84.8552
85.3966
85.9468
85.7898
85.0731
84.7458
85.0944
85.5787
85.7143
85.4903
85.2468
85.3837
86.8877
88.2353
86.9463
86.9463
86.9463
86.9463
85.6331
87.4806
88.8293
90.5285
91.3636
92.6799
93.75
94.2014
95.1731
95.9236
96.464
96.5385
96.3871
96.6228
96.7842
97.0984
97.6572
98.1613
98.5475
98.6378
98.3153
98.3359
98.8885
99.0789
99.0331
99.5263
100
99.1373
99.2432
100.944
101.362
99.8657
98.6842
98.9665
98.4525
97.4782
97.6698
98.0392
97.1267
97.3302
98.892
99.1404
98.5695
99.098
100.295
100.4
100.105
100
99.9421
99.2842
98.9692
99.2959
99.0417
98.3924
98.0418
98.3643
98.1767
97.8947
98.4023
98.6429
98.3204
98.6262
99.5059
99.4131
98.7099
98.8651
99.3377
99.058
98.9404
99.0789
98.8698
98.6842
99.011
99.0789
98.9404
99.0789
98.9404
99.0606
99.0293
98.7025
98.5191
98.1966
98.0808
98.73
97.1986
94.6995
94.3396
94.2072
94.2072
94.2072
94.2072
94.2072
94.2072
88.9888
90.3422
90.9091
91.1685
92.3431
93.904
94.7699
95.2657
96.5805
98.0255
98.9472
100.067
100.677
101.361
101.754
101.633
102.084
102.555
102.788
103.142
102.761
101.782
101.633
101.757
101.544
101.376
101.721
101.732
101.387
101.351
101.351
101.297
100.957
101
101.074
100.35
99.6098
99.2802
98.9535
99.6379
100.631
100.478
100.268
100.524
101.074
101.351
101.351
101.569
101.569
101.569
100.623
99.6296
99.6296
104.167
103.917
103.75
104.14
104.671
104.826
104.102
103.448
103.448
103.23
102.876
102.839
103.151
103.051
103.077
103.716
104.092
104.167
104.167
104.167
104.178
104.543
104.572
104.207
104.167
104.167
103.967
103.293
103.134
103.448
103.168
103.034
102.989
102.418
102.08
102.429
102.084
101.918
102.573
102.74
102.74
102.74
102.74
102.74
102.74
102.536
101.501
99.6778
98.6842
98.3695
96.6559
94.9417
94.7815
94.9367
92.2468
90.7785
92.6852
92.9815
92.5926
92.8042
93.3543
94.0162
94.3396
94.3396
94.3396
94.4471
94.7456
94.9367
94.9367
94.9367
95.216
96.1549
97.1085
97.6674
98.1818
98.5578
98.8
99.4579
99.3579
99.2
99.8421
100
100
100
100
100
100.188
100.523
100.612
100.277
100
100.26
100.4
100.268
100.53
101.074
101.009
100.949
100.862
100.541
100.968
101.308
100.632
100.29
100.854
101.074
100.946
101.151
101.735
101.718
101.633
101.955
101.767
101.224
101.498
102.041
101.746
101.633
101.928
101.931
101.633
101.743
101.71
101.365
101.555
101.476
100.454
99.2
99.3421
98.7097
97.451
97.1394
95.6458
95.6348
95.0514
93.2661
92.9896
91.2979
91.8811
93.2204
92.6499
94.1279
94.8972
94.1038
93.508
92.9348
92.9446
92.6327
92.4224
92.9574
93.1045
91.9752
92.1715
93.6149
93.5849
93.8568
93.8099
93.0468
92.5223
91.8451
91.184
91.2928
91.8505
92.1171
93.2747
93.6338
93.2075
93.985
94.7098
92.704
91.3256
92.6738
93.1265
92.555
92.2427
92.5267
92.4932
91.9286
91.4634
91.7751
92.4133
92.9538
93.1677
93.7692
94.6537
94.9367
94.9367
95.4771
96.4853
97.3077
97.9101
98.4211
98.372
98.5326
98.9964
98.8358
98.7182
99.045
99.6344
99.7351
99.6
99.9271
100.4
100.303
100.301
100.636
100.671
100.78
101.12
101.351
101.351
101.616
101.961
101.897
101.633
101.757
101.677
101.957
102.651
102.552
102.329
102.516
102.74
102.74
102.146
101.683
102.101
102.114
100.964
100.379
100.357
100.021
100
99.8887
99.6
99.7113
100
100
100.177
100.513
100.671
100.671
100.671
100.93
101.074
100.815
100.671
100.671
100.671
102.905
102.905
96.4238
99.8268
97.9788
102.074
100.874
100.874
100.874
94.7721
93.8649
91.706
91.5335
90.5322
90.0974
89.8032
89.0012
88.7574
89.2846
89.9936
90.3582
90.7273
91.1885
91.6587
91.9392
92.0245
92.0245
92.2472
91.2177
88.7639
88.9619
89.3257
87.6901
86.6545
86.462
87.531
87.6069
83.9691
84.213
87.01
85.5312
85.7983
87.2093
87.2093
87.2093
87.2093
87.9091
89.2146
89.8204
90.2907
90.9858
91.7399
93.603
94.6477
94.557
94.9766
95.4782
96.2663
96.7742
96.5583
96.5279
97.1964
98.1818
98.3617
98.543
99.571
100.383
100.609
100.274
100.33
100.935
101.49
101.465
100.657
100.413
100.671
100.96
101.3
101.351
101.351
101.313
100.973
101.623
102.657
102.947
102.856
102.207
102.68
103.836
103.833
103.202
102.822
102.893
103.345
103.949
104.575
104.189
103.759
103.862
103.569
103.572
104.001
104.601
104.895
104.566
103.932
103.537
103.448
103.163
102.145
101.726
101.726
101.887
102.551
102.74
102.74
102.74
102.74
102.429
102.329
102.639
102.74
102.595
101.901
101.351
101.066
100.726
100.826
100.892
100.071
99.3377
99.3377
99.3377
99.3377
99.3377
99.3222
98.6729
98.0392
97.1457
95.5944
94.8943
94.0097
92.9492
92.795
92.8148
91.8396
90.9091
90.9091
90.969
91.2461
90.9653
90.4143
90.4294
90.7032
89.9107
88.6845
88.4024
88.5527
88.5318
88.2708
88.0892
87.0751
87.3645
88.4804
87.8321
87.4725
86.8919
85.7083
85.5331
87.2429
89.1654
89.6899
89.8204
90.0476
90.6003
91.1391
91.1308
91.153
91.9142
92.7996
93.1677
93.4565
94.8243
96.1923
96.3871
96.5335
97.3966
98.2742
98.6068
98.6842
98.7208
99.0476
99.3377
99.3377
99.4993
99.9271
100.465
101.044
101.351
101.104
100.764
100.788
101.128
101.351
101.688
102.312
102.894
103.318
103.338
103.034
103.145
103.448
103.744
103.862
103.566
103.575
103.934
104.132
103.419
103.688
104.498
104.053
103.904
104.478
104.797
104.073
103.799
104.458
104.583
104.283
104.032
103.908
104.718
104.842
104.505
104.583
103.794
103.167
103.044
102.621
102.835
103.105
103.034
102.927
102.294
101.844
101.191
101.044
101.041
100.946
101.256
101.232
100.733
99.5187
98.3798
98.0573
97.7255
97.093
96.7643
96.1479
95.7741
95.465
94.4742
94.481
94.0805
94.2113
95.5438
95.7692
95.9015
93.4662
90.57
89.5977
86.7899
84.9518
84.8726
84.1969
84.038
84.2697
84.3097
84.5477
84.9268
85.1676
85.2273
86.1549
87.2887
87.7575
88.6529
89.5124
90.2003
91.0625
91.4634
91.4634
91.625
91.8293
91.6677
91.1973
91.0976
91.3636
91.4214
88.7931
86.2069
86.564
88.1034
86.8496
85.7273
88.6554
88.2382
87.5511
89.3578
89.8398
90.1104
90.3614
90.3614
91.0664
91.0664
91.0664
91.0664
94.1248
94.1248
94.1248
95.1641
95.6183
95.9995
96.1538
97.419
98.4314
98.2895
98.7686
99.5684
100
100
100
99.8199
99.4887
99.2959
98.9692
98.6842
98.9116
98.9116
98.9116
93.7521
92.3333
92.3333
92.3333
92.3333
102.162
101.918
102.162
102.74
102.449
102.1
102.209
102.449
102.377
102.84
103.799
103.282
102.684
103.376
103.862
103.75
103.871
104.167
103.853
103.75
104.063
104.02
103.75
103.897
104.167
104.167
104.167
104.167
103.991
103.75
103.925
104.167
104.167
104.167
104.167
103.963
103.459
103.034
103.151
103.066
102.74
102.74
102.74
102.74
102.911
103.624
104.167
103.83
103.75
103.641
103.17
103.151
102.989
102.74
101.747
99.7019
98.3445
97.7376
96.7728
95.8256
95.7913
95.9236
95.3942
94.3757
94.0542
94.7963
95.2448
95.1592
95.3116
95.2439
94.9415
95.0746
95.3769
95.5414
95.5414
94.527
92.9413
92.2222
92.3336
92.3676
89.6296
89.6296
86.2651
87.597
84.3232
86.0246
84.7059
81.9415
84.7059
84.1135
83.2941
86.2782
85.6444
85.6236
87.9036
88.0473
88.2467
88.7574
88.9232
89.4547
90.0844
89.8352
89.4402
90.5109
90.655
90.1863
90.6277
90.5455
90.9124
91.8519
91.9791
91.075
90.9477
92.3232
93.4665
93.922
94.8177
96.1183
96.3057
96
96.367
96.402
95.5745
95.598
96.4875
96.8395
97.1537
98.028
98.9172
99.2593
99.5671
100.183
100.285
100.319
100.914
101.468
101.895
102.041
102.041
102.041
101.74
101.633
101.583
101.224
101.525
101.646
101.682
101.757
101.426
101.351
101.351
101.368
101.713
102.041
102.041
102.407
102.733
102.207
102.568
102.383
102.224
102.568
101.863
101.973
102.499
102.74
102.74
103.316
104.03
103.807
103.456
104.041
104.056
104.195
103.938
103.374
103.763
103.459
102.866
102.351
102.79
102.5
102.207
102.761
102.087
100.965
99.8764
99.6636
100.258
100.599
100.671
100.465
99.471
99.0084
98.8261
96.6544
93.6418
91.879
90.4268
89.338
89.216
88.9518
88.7574
88.4667
87.9477
87.7193
87.9319
88.1899
87.9565
85.2753
83.8049
84.9208
84.219
84.1061
85.2529
85.9052
85.4646
85.3336
86.3133
86.7052
86.293
85.9039
86.161
88.652
89.9465
89.0909
90.0317
90.343
90.3987
91.1116
91.1382
91.8114
91.9394
91.4815
92
91.6162
91.8577
92.5166
92.0497
92.5201
94.0097
94.486
94.1772
94.5425
94.5952
94.8636
95.2782
95.267
95.5743
94.188
94.0313
95.812
96.448
97.3906
98.0392
98.3179
98.8521
99.5161
100.215
100.285
100.708
101.058
100.946
101.24
101.248
100.985
101.433
102.041
101.779
101.633
101.895
102.041
102.075
102.778
103.448
103.448
103.652
104.163
104.389
103.636
103.929
104.201
103.765
103.632
103.333
103.796
104.167
104.167
104.167
103.545
103.333
103.757
103.47
102.955
102.701
102.007
101.652
101.997
102.041
101.805
101.12
100.671
100.031
99.3644
99.16
98.9404
99.0789
98.9718
98.6842
98.6842
98.6842
98.7679
99.0946
99.3377
99.0633
98.7365
98.6842
98.6223
98.2998
98.0392
98.2792
98.4314
98.3888
98.8859
99.3377
99.0476
98.9404
99.2306
99.2541
98.9017
98.0178
97.4026
97.2216
97.6764
99.5316
99.0769
96.5464
94.262
93.0832
95.0188
96.4293
94.8638
92.2527
90.4923
91.3228
92.8617
93.1493
93.7052
95.0967
95.1451
94.5904
95.0631
95.4132
95.561
95.8672
95.904
96.4777
97.7724
97.753
96.7083
97.8154
100.187
101.29
102.754
104.801
104.801
104.801
100.723
99.7831
99.0834
99.3709
101.284
103.085
103.151
103.034
102.812
100.822
96.8919
97.9577
100.498
100.135
100.989
101.259
100.946
101.038
103.606
102.673
102.673
102.673
98.8235
98.621
98.323
98.4314
97.7328
96.7413
96.5236
96.7742
96.5533
96.2432
95.9579
95.0508
94.6214
94.92
94.5688
93.6843
93.1677
93.4123
93.7034
93.9161
94.4907
93.7459
92.7996
93.0872
93.2096
93.5008
94.2627
94.6769
94.459
94.3068
93.7208
92.7287
92.2889
92.3926
92.2608
92.2699
92.554
92.5153
92.2313
92.2995
92.7767
93.6467
95.1925
95.806
95.5414
95.3527
95.0504
94.9657
95.2681
95.2874
95.1592
95.3165
95.0767
93.699
92.5926
92.5926
92.5926
92.5926
92.5926
92.9259
93.5046
93.7595
94.3528
94.9367
94.6472
94.1151
94.1061
94.0637
94.3564
95.1123
95.2858
96.3373
97.6903
98.228
98.7326
99.1626
99.3536
99.6848
100.285
100.843
101.234
101.351
101.387
101.732
101.732
101.732
101.732
103.162
103.616
101.588
103.001
104.537
104.895
104.368
104.056
104.583
104.793
104.429
104.167
104.167
104.167
103.925
103.566
103.448
103.517
103.876
104.167
103.848
103.231
103.034
103.011
102.541
102.449
102.371
102.041
102.287
102.449
102.079
101.633
101.757
101.696
101.074
100.734
100.818
100.908
100.095
99.3377
99.0659
98.9404
99.3474
99.7351
99.6
99.6689
99.7351
99.2105
98.9404
99.0789
98.9561
98.0742
97.2071
96.8622
96.3414
94.5382
93.1677
93.5568
93.363
91.5708
90.3614
90.9735
90.5484
87.9642
88.9403
91.6677
91.7118
91.2303
90.9091
91.3463
91.12
89.6069
88.7574
89.5923
89.596
87.6902
89.6041
90.9194
89.747
91.4431
90.6979
90.012
91.2597
91.0376
92.2861
93.75
93.75
93.9256
94.5287
95.2487
96.0197
96.6361
96.6824
96.4022
96.8082
97.4026
97.5885
98.0229
98.4778
98.6842
98.0895
97.6703
98.2489
98.9087
98.9563
99.3737
100.285
100.843
101.234
101.351
101.351
101.351
101.351
101.351
101.351
101.478
101.691
101.224
101.356
102.329
102.449
102.329
102.449
102.329
102.438
102.401
102.329
102.449
102.648
103.474
103.605
102.649
102.376
103.006
103.375
103.116
102.516
102.405
101.957
102.007
101.898
101.101
100.807
100.005
99.7325
99.3474
99.2
99.2879
98.8
99.2647
99.2421
96.9304
94.4622
93.4578
93.0859
92.2338
90.6098
89.5209
89.3114
89.5787
90.4447
89.8694
87.0296
87.3377
88.3877
87.6678
89.1037
87.8354
86.4372
87.8435
86.1958
86.7307
88.5444
86.8069
88.8706
89.9819
88.7881
91.7052
91.5296
91.4557
93.1282
92.0058
93.7674
93.9775
93.268
94.7561
93.2903
94.2887
95.7712
93.76
92.597
93.9918
94.0906
92.4208
91.4859
89.853
91.6378
93.036
92.2068
93.5033
92.8944
93.2251
93.8559
92.4841
93.8923
95.5414
95.3068
95.6357
96.4557
95.8342
95.555
95.2308
94.6154
95.1801
94.3024
95.1835
95.986
95.0649
96.3145
97.023
97.6986
98.6537
98.8594
99.2947
99.7775
100
100.627
101.05
100.946
100.95
100.483
100.392
101.34
102.024
101.826
101.786
102.256
102.262
101.663
101.666
102.01
101.848
101.503
101.222
100.546
100.333
100.668
100.671
100.394
99.9365
100.546
101.003
100.116
99.6564
99.5965
98.9961
98.2946
98.0392
97.5585
96.926
96.4334
95.2161
94.3396
94.3396
94.3396
94.3396
94.3396
88.2574
86.3564
86.3564
86.3564
86.9941
82.0202
87.9581
85.3241
80.8937
84.7166
83.6304
85.642
89.1566
83.7376
86.9536
90.5487
85.0047
87.7394
89.0337
85.6351
85.5968
91.3702
98.1032
94.8083
88.6039
92.5314
94.2925
90.631
91.2786
92.5679
88.7823
85.8347
88.4175
89.6279
89.3186
88.9435
89.5176
90.9947
89.2786
87.9755
90.3163
89.9858
90.4756
92.5657
92.963
92.7683
91.1843
91.7655
94.4978
95.1592
95.2874
95.5414
95.5414
95.0762
94.2101
96.5736
97.9114
96.121
95.7692
96.0123
96.5087
96.7742
97.4083
98.0762
97.7563
97.4026
97.7158
98.0341
97.7002
97.0677
96.8096
97.4421
98.3075
98.63
98.6842
98.6842
98.6842
99.0005
99.3273
99.5205
91.4634
91.4634
91.1834
91.8788
91.1772
89.7992
90.3571
92.0227
91.9105
91.141
91.9571
91.8744
90.1645
89.8047
91.6464
93.1426
93.4519
92.3365
91.5574
92.0669
92.2745
92.7285
94.4017
95.7123
95.2184
95.2685
96.3945
96.8731
97.1613
97.054
97.7903
98.6842
98.6842
98.8201
99.1469
99.3377
99.3377
99.3377
99.1469
98.9404
99.0789
98.9587
99.3053
99.7168
99.4225
99.7811
101.133
102.041
101.372
100.954
101.278
101.495
101.839
102.041
102.041
102.041
102.041
102.228
102.578
102.67
102.32
102.041
102.041
101.581
101.059
101.174
101.166
99.5098
98.0392
97.8279
96.9769
95.6878
95.2898
95.2657
93.4809
91.1667
90.3614
88.0565
85.8787
85.819
84.4828
83.5102
83.5912
83.184
83.0755
83.1042
82.674
82.6416
82.6266
82.1936
82.2086
81.7388
80.637
80.2139
80.2139
80.2415
80.4571
80.7847
81.0026
81.0811
81.0811
81.3063
82.4324
83.5102
84.1379
85.3978
85.5231
85.0443
85.4237
85.1719
84.9153
85.3747
86.185
86.7052
86.8383
87.0903
87.2093
87.2093
87.3113
87.5746
87.9856
88.2353
88.8264
90.721
92.0245
92.0245
91.4768
90.1074
89.2857
90.463
91.9982
92.3535
93.6437
93.229
91.8115
92.6347
93.1677
93.7255
93.1451
91.5578
91.3269
92.3565
93.389
93.9649
94.7596
95.6767
96.7582
97.6169
97.9552
98.1321
98.4546
98.6842
98.6842
98.6842
98.6842
98.7522
99.0789
99.6689
100
100
100
100.067
100.403
100.671
100.949
101.507
101.757
101.633
101.823
102.424
103.068
103.423
103.233
103.034
103.151
103.034
103.134
103.448
103.448
103.448
103.618
103.977
104.167
104.161
103.802
103.756
103.862
103.362
103.034
103.075
102.565
101.329
100.96
101.3
100.711
99.4639
99.0789
98.9927
98.1459
97.6987
97.5524
96.4537
93.8084
92.2608
92.0937
91.3595
91.2461
90.0043
88.3902
88.2833
88.5444
87.4915
85.9699
85.6912
84.9689
84.2697
84.2697
84.2697
84.4506
84.8552
85.3966
85.9468
85.7898
85.0731
84.7458
85.0944
85.5787
85.7143
85.4903
85.2468
85.3837
86.8877
88.2353
86.9463
86.9463
86.9463
86.9463
85.6331
87.4806
88.8293
90.5285
91.3636
92.6799
93.75
94.2014
95.1731
95.9236
96.464
96.5385
96.3871
96.6228
96.7842
97.0984
97.6572
98.1613
98.5475
98.6378
98.3153
98.3359
98.8885
99.0789
99.0331
99.5263
100
99.1373
99.2432
100.944
101.362
99.8657
98.6842
98.9665
98.4525
97.4782
97.6698
98.0392
97.1267
97.3302
98.892
99.1404
98.5695
99.098
100.295
100.4
100.105
100
99.9421
99.2842
98.9692
99.2959
99.0417
98.3924
98.0418
98.3643
98.1767
97.8947
98.4023
98.6429
98.3204
98.6262
99.5059
99.4131
98.7099
98.8651
99.3377
99.058
98.9404
99.0789
98.8698
98.6842
99.011
99.0789
98.9404
99.0789
98.9404
99.0606
99.0293
98.7025
98.5191
98.1966
98.0808
98.73
97.1986
94.6995
94.3396
94.2072
94.2072
94.2072
94.2072
94.2072
94.2072
88.9888
90.3422
90.9091
91.1685
92.3431
93.904
94.7699
95.2657
96.5805
98.0255
98.9472
100.067
100.677
101.361
101.754
101.633
102.084
102.555
102.788
103.142
102.761
101.782
101.633
101.757
101.544
101.376
101.721
101.732
101.387
101.351
101.351
101.297
100.957
101
101.074
100.35
99.6098
99.2802
98.9535
99.6379
100.631
100.478
100.268
100.524
101.074
101.351
101.351
101.569
101.569
101.569
100.623
99.6296
99.6296
104.167
103.917
103.75
104.14
104.671
104.826
104.102
103.448
103.448
103.23
102.876
102.839
103.151
103.051
103.077
103.716
104.092
104.167
104.167
104.167
104.178
104.543
104.572
104.207
104.167
104.167
103.967
103.293
103.134
103.448
103.168
103.034
102.989
102.418
102.08
102.429
102.084
101.918
102.573
102.74
102.74
102.74
102.74
102.74
102.74
102.536
101.501
99.6778
98.6842
98.3695
96.6559
94.9417
94.7815
94.9367
92.2468
90.7785
92.6852
92.9815
92.5926
92.8042
93.3543
94.0162
94.3396
94.3396
94.3396
94.4471
94.7456
94.9367
94.9367
94.9367
95.216
96.1549
97.1085
97.6674
98.1818
98.5578
98.8
99.4579
99.3579
99.2
99.8421
100
100
100
100
100
100.188
100.523
100.612
100.277
100
100.26
100.4
100.268
100.53
101.074
101.009
100.949
100.862
100.541
100.968
101.308
100.632
100.29
100.854
101.074
100.946
101.151
101.735
101.718
101.633
101.955
101.767
101.224
101.498
102.041
101.746
101.633
101.928
101.931
101.633
101.743
101.71
101.365
101.555
101.476
100.454
99.2
99.3421
98.7097
97.451
97.1394
95.6458
95.6348
95.0514
93.2661
92.9896
91.2979
91.8811
93.2204
92.6499
94.1279
94.8972
94.1038
93.508
92.9348
92.9446
92.6327
92.4224
92.9574
93.1045
91.9752
92.1715
93.6149
93.5849
93.8568
93.8099
93.0468
92.5223
91.8451
91.184
91.2928
91.8505
92.1171
93.2747
93.6338
93.2075
93.985
94.7098
92.704
91.3256
92.6738
93.1265
92.555
92.2427
92.5267
92.4932
91.9286
91.4634
91.7751
92.4133
92.9538
93.1677
93.7692
94.6537
94.9367
94.9367
95.4771
96.4853
97.3077
97.9101
98.4211
98.372
98.5326
98.9964
98.8358
98.7182
99.045
99.6344
99.7351
99.6
99.9271
100.4
100.303
100.301
100.636
100.671
100.78
101.12
101.351
101.351
101.616
101.961
101.897
101.633
101.757
101.677
101.957
102.651
102.552
102.329
102.516
102.74
102.74
102.146
101.683
102.101
102.114
100.964
100.379
100.357
100.021
100
99.8887
99.6
99.7113
100
100
100.177
100.513
100.671
100.671
100.671
100.93
101.074
100.815
100.671
100.671
100.671
102.905
102.905
96.4238
99.8268
97.9788
102.074
100.874
100.874
100.874
94.7721
93.8649
91.706
91.5335
90.5322
90.0974
89.8032
89.0012
88.7574
89.2846
89.9936
90.3582
90.7273
91.1885
91.6587
91.9392
92.0245
92.0245
92.2472
91.2177
88.7639
88.9619
89.3257
87.6901
86.6545
86.462
87.531
87.6069
83.9691
84.213
87.01
85.5312
85.7983
87.2093
87.2093
87.2093
87.2093
87.9091
89.2146
89.8204
90.2907
90.9858
91.7399
93.603
94.6477
94.557
94.9766
95.4782
96.2663
96.7742
96.5583
96.5279
97.1964
98.1818
98.3617
98.543
99.571
100.383
100.609
100.274
100.33
100.935
101.49
101.465
100.657
100.413
100.671
100.96
101.3
101.351
101.351
101.313
100.973
101.623
102.657
102.947
102.856
102.207
102.68
103.836
103.833
103.202
102.822
102.893
103.345
103.949
104.575
104.189
103.759
103.862
103.569
103.572
104.001
104.601
104.895
104.566
103.932
103.537
103.448
103.163
102.145
101.726
101.726
101.887
102.551
102.74
102.74
102.74
102.74
102.429
102.329
102.639
102.74
102.595
101.901
101.351
101.066
100.726
100.826
100.892
100.071
99.3377
99.3377
99.3377
99.3377
99.3377
99.3222
98.6729
98.0392
97.1457
95.5944
94.8943
94.0097
92.9492
92.795
92.8148
91.8396
90.9091
90.9091
90.969
91.2461
90.9653
90.4143
90.4294
90.7032
89.9107
88.6845
88.4024
88.5527
88.5318
88.2708
88.0892
87.0751
87.3645
88.4804
87.8321
87.4725
86.8919
85.7083
85.5331
87.2429
89.1654
89.6899
89.8204
90.0476
90.6003
91.1391
91.1308
91.153
91.9142
92.7996
93.1677
93.4565
94.8243
96.1923
96.3871
96.5335
97.3966
98.2742
98.6068
98.6842
98.7208
99.0476
99.3377
99.3377
99.4993
99.9271
100.465
101.044
101.351
101.104
100.764
100.788
101.128
101.351
101.688
102.312
102.894
103.318
103.338
103.034
103.145
103.448
103.744
103.862
103.566
103.575
103.934
104.132
103.419
103.688
104.498
104.053
103.904
104.478
104.797
104.073
103.799
104.458
104.583
104.283
104.032
103.908
104.718
104.842
104.505
104.583
103.794
103.167
103.044
102.621
102.835
103.105
103.034
102.927
102.294
101.844
101.191
101.044
101.041
100.946
101.256
101.232
100.733
99.5187
98.3798
98.0573
97.7255
97.093
96.7643
96.1479
95.7741
95.465
94.4742
94.481
94.0805
94.2113
95.5438
95.7692
95.9015
93.4662
90.57
89.5977
86.7899
84.9518
84.8726
84.1969
84.038
84.2697
84.3097
84.5477
84.9268
85.1676
85.2273
86.1549
87.2887
87.7575
88.6529
89.5124
90.2003
91.0625
91.4634
91.4634
91.625
91.8293
91.6677
91.1973
91.0976
91.3636
91.4214
88.7931
86.2069
86.564
88.1034
86.8496
85.7273
88.6554
88.2382
87.5511
89.3578
89.8398
90.1104
90.3614
90.3614
91.0664
91.0664
91.0664
91.0664
94.1248
94.1248
94.1248
95.1641
95.6183
95.9995
96.1538
97.419
98.4314
98.2895
98.7686
99.5684
100
100
100
99.8199
99.4887
99.2959
98.9692
98.6842
98.9116
98.9116
98.9116
93.7521
92.3333
92.3333
92.3333
92.3333
102.162
101.918
102.162
102.74
102.449
102.1
102.209
102.449
102.377
102.84
103.799
103.282
102.684
103.376
103.862
103.75
103.871
104.167
103.853
103.75
104.063
104.02
103.75
103.897
104.167
104.167
104.167
104.167
103.991
103.75
103.925
104.167
104.167
104.167
104.167
103.963
103.459
103.034
103.151
103.066
102.74
102.74
102.74
102.74
102.911
103.624
104.167
103.83
103.75
103.641
103.17
103.151
102.989
102.74
101.747
99.7019
98.3445
97.7376
96.7728
95.8256
95.7913
95.9236
95.3942
94.3757
94.0542
94.7963
95.2448
95.1592
95.3116
95.2439
94.9415
95.0746
95.3769
95.5414
95.5414
94.527
92.9413
92.2222
92.3336
92.3676
89.6296
89.6296
86.2651
87.597
84.3232
86.0246
84.7059
81.9415
84.7059
84.1135
83.2941
86.2782
85.6444
85.6236
87.9036
88.0473
88.2467
88.7574
88.9232
89.4547
90.0844
89.8352
89.4402
90.5109
90.655
90.1863
90.6277
90.5455
90.9124
91.8519
91.9791
91.075
90.9477
92.3232
93.4665
93.922
94.8177
96.1183
96.3057
96
96.367
96.402
95.5745
95.598
96.4875
96.8395
97.1537
98.028
98.9172
99.2593
99.5671
100.183
100.285
100.319
100.914
101.468
101.895
102.041
102.041
102.041
101.74
101.633
101.583
101.224
101.525
101.646
101.682
101.757
101.426
101.351
101.351
101.368
101.713
102.041
102.041
102.407
102.733
102.207
102.568
102.383
102.224
102.568
101.863
101.973
102.499
102.74
102.74
103.316
104.03
103.807
103.456
104.041
104.056
104.195
103.938
103.374
103.763
103.459
102.866
102.351
102.79
102.5
102.207
102.761
102.087
100.965
99.8764
99.6636
100.258
100.599
100.671
100.465
99.471
99.0084
98.8261
96.6544
93.6418
91.879
90.4268
89.338
89.216
88.9518
88.7574
88.4667
87.9477
87.7193
87.9319
88.1899
87.9565
85.2753
83.8049
84.9208
84.219
84.1061
85.2529
85.9052
85.4646
85.3336
86.3133
86.7052
86.293
85.9039
86.161
88.652
89.9465
89.0909
90.0317
90.343
90.3987
91.1116
91.1382
91.8114
91.9394
91.4815
92
91.6162
91.8577
92.5166
92.0497
92.5201
94.0097
94.486
94.1772
94.5425
94.5952
94.8636
95.2782
95.267
95.5743
94.188
94.0313
95.812
96.448
97.3906
98.0392
98.3179
98.8521
99.5161
100.215
100.285
100.708
101.058
100.946
101.24
101.248
100.985
101.433
102.041
101.779
101.633
101.895
102.041
102.075
102.778
103.448
103.448
103.652
104.163
104.389
103.636
103.929
104.201
103.765
103.632
103.333
103.796
104.167
104.167
104.167
103.545
103.333
103.757
103.47
102.955
102.701
102.007
101.652
101.997
102.041
101.805
101.12
100.671
100.031
99.3644
99.16
98.9404
99.0789
98.9718
98.6842
98.6842
98.6842
98.7679
99.0946
99.3377
99.0633
98.7365
98.6842
98.6223
98.2998
98.0392
98.2792
98.4314
98.3888
98.8859
99.3377
99.0476
98.9404
99.2306
99.2541
98.9017
98.0178
97.4026
97.2216
97.6764
99.5316
99.0769
96.5464
94.262
93.0832
95.0188
96.4293
94.8638
92.2527
90.4923
91.3228
92.8617
93.1493
93.7052
95.0967
95.1451
94.5904
95.0631
95.4132
95.561
95.8672
95.904
96.4777
97.7724
97.753
96.7083
97.8154
100.187
101.29
102.754
104.801
104.801
104.801
100.723
99.7831
99.0834
99.3709
101.284
103.085
103.151
103.034
102.812
100.822
96.8919
97.9577
100.498
100.135
100.989
101.259
100.946
101.038
103.606
102.673
102.673
102.673
98.8235
98.621
98.323
98.4314
97.7328
96.7413
96.5236
96.7742
96.5533
96.2432
95.9579
95.0508
94.6214
94.92
94.5688
93.6843
93.1677
93.4123
93.7034
93.9161
94.4907
93.7459
92.7996
93.0872
93.2096
93.5008
94.2627
94.6769
94.459
94.3068
93.7208
92.7287
92.2889
92.3926
92.2608
92.2699
92.554
92.5153
92.2313
92.2995
92.7767
93.6467
95.1925
95.806
95.5414
95.3527
95.0504
94.9657
95.2681
95.2874
95.1592
95.3165
95.0767
93.699
92.5926
92.5926
92.5926
92.5926
92.5926
92.9259
93.5046
93.7595
94.3528
94.9367
94.6472
94.1151
94.1061
94.0637
94.3564
95.1123
95.2858
96.3373
97.6903
98.228
98.7326
99.1626
99.3536
99.6848
100.285
100.843
101.234
101.351
101.387
101.732
101.732
101.732
101.732
103.162
103.616
101.588
103.001
104.537
104.895
104.368
104.056
104.583
104.793
104.429
104.167
104.167
104.167
103.925
103.566
103.448
103.517
103.876
104.167
103.848
103.231
103.034
103.011
102.541
102.449
102.371
102.041
102.287
102.449
102.079
101.633
101.757
101.696
101.074
100.734
100.818
100.908
100.095
99.3377
99.0659
98.9404
99.3474
99.7351
99.6
99.6689
99.7351
99.2105
98.9404
99.0789
98.9561
98.0742
97.2071
96.8622
96.3414
94.5382
93.1677
93.5568
93.363
91.5708
90.3614
90.9735
90.5484
87.9642
88.9403
91.6677
91.7118
91.2303
90.9091
91.3463
91.12
89.6069
88.7574
89.5923
89.596
87.6902
89.6041
90.9194
89.747
91.4431
90.6979
90.012
91.2597
91.0376
92.2861
93.75
93.75
93.9256
94.5287
95.2487
96.0197
96.6361
96.6824
96.4022
96.8082
97.4026
97.5885
98.0229
98.4778
98.6842
98.0895
97.6703
98.2489
98.9087
98.9563
99.3737
100.285
100.843
101.234
101.351
101.351
101.351
101.351
101.351
101.351
101.478
101.691
101.224
101.356
102.329
102.449
102.329
102.449
102.329
102.438
102.401
102.329
102.449
102.648
103.474
103.605
102.649
102.376
103.006
103.375
103.116
102.516
102.405
101.957
102.007
101.898
101.101
100.807
100.005
99.7325
99.3474
99.2
99.2879
98.8
99.2647
99.2421
96.9304
94.4622
93.4578
93.0859
92.2338
90.6098
89.5209
89.3114
89.5787
90.4447
89.8694
87.0296
87.3377
88.3877
87.6678
89.1037
87.8354
86.4372
87.8435
86.1958
86.7307
88.5444
86.8069
88.8706
89.9819
88.7881
91.7052
91.5296
91.4557
93.1282
92.0058
93.7674
93.9775
93.268
94.7561
93.2903
94.2887
95.7712
93.76
92.597
93.9918
94.0906
92.4208
91.4859
89.853
91.6378
93.036
92.2068
93.5033
92.8944
93.2251
93.8559
92.4841
93.8923
95.5414
95.3068
95.6357
96.4557
95.8342
95.555
95.2308
94.6154
95.1801
94.3024
95.1835
95.986
95.0649
96.3145
97.023
97.6986
98.6537
98.8594
99.2947
99.7775
100
100.627
101.05
100.946
100.95
100.483
100.392
101.34
102.024
101.826
101.786
102.256
102.262
101.663
101.666
102.01
101.848
101.503
101.222
100.546
100.333
100.668
100.671
100.394
99.9365
100.546
101.003
100.116
99.6564
99.5965
98.9961
98.2946
98.0392
97.5585
96.926
96.4334
95.2161
94.3396
94.3396
94.3396
94.3396
94.3396
88.2574
86.3564
86.3564
86.3564
86.9941
82.0202
87.9581
85.3241
80.8937
84.7166
83.6304
85.642
89.1566
83.7376
86.9536
90.5487
85.0047
87.7394
89.0337
85.6351
85.5968
91.3702
98.1032
94.8083
88.6039
92.5314
94.2925
90.631
91.2786
92.5679
88.7823
85.8347
88.4175
89.6279
89.3186
88.9435
89.5176
90.9947
89.2786
87.9755
90.3163
89.9858
90.4756
92.5657
92.963
92.7683
91.1843
91.7655
94.4978
95.1592
95.2874
95.5414
95.5414
95.0762
94.2101
96.5736
97.9114
96.121
95.7692
96.0123
96.5087
96.7742
97.4083
98.0762
97.7563
97.4026
97.7158
98.0341
97.7002
97.0677
96.8096
97.4421
98.3075
98.63
98.6842
98.6842
98.6842
99.0005
99.3273
99.5205
91.4634
91.4634
91.1834
91.8788
91.1772
89.7992
90.3571
92.0227
91.9105
91.141
91.9571
91.8744
90.1645
89.8047
91.6464
93.1426
93.4519
92.3365
91.5574
92.0669
92.2745
92.7285
94.4017
95.7123
95.2184
95.2685
96.3945
96.8731
97.1613
97.054
97.7903
98.6842
98.6842
98.8201
99.1469
99.3377
99.3377
99.3377
99.1469
98.9404
99.0789
98.9587
99.3053
99.7168
99.4225
99.7811
101.133
102.041
101.372
100.954
101.278
101.495
101.839
102.041
102.041
102.041
102.041
102.228
102.578
102.67
102.32
102.041
102.041
101.581
101.059
101.174
101.166
99.5098
98.0392
97.8279
96.9769
95.6878
95.2898
95.2657
93.4809
91.1667
90.3614
88.0565
85.8787
85.819
84.4828
83.5102
83.5912
83.184
83.0755
83.1042
82.674
82.6416
82.6266
82.1936
82.2086
81.7388
80.637
80.2139
80.2139
80.2415
80.4571
80.7847
81.0026
81.0811
81.0811
81.3063
82.4324
83.5102
84.1379
85.3978
85.5231
85.0443
85.4237
85.1719
84.9153
85.3747
86.185
86.7052
86.8383
87.0903
87.2093
87.2093
87.3113
87.5746
87.9856
88.2353
88.8264
90.721
92.0245
92.0245
91.4768
90.1074
89.2857
90.463
91.9982
92.3535
93.6437
93.229
91.8115
92.6347
93.1677
93.7255
93.1451
91.5578
91.3269
92.3565
93.389
93.9649
94.7596
95.6767
96.7582
97.6169
97.9552
98.1321
98.4546
98.6842
98.6842
98.6842
98.6842
98.7522
99.0789
99.6689
100
100
100
100.067
100.403
100.671
100.949
101.507
101.757
101.633
101.823
102.424
103.068
103.423
103.233
103.034
103.151
103.034
103.134
103.448
103.448
103.448
103.618
103.977
104.167
104.161
103.802
103.756
103.862
103.362
103.034
103.075
102.565
101.329
100.96
101.3
100.711
99.4639
99.0789
98.9927
98.1459
97.6987
97.5524
96.4537
93.8084
92.2608
92.0937
91.3595
91.2461
90.0043
88.3902
88.2833
88.5444
87.4915
85.9699
85.6912
84.9689
84.2697
84.2697
84.2697
84.4506
84.8552
85.3966
85.9468
85.7898
85.0731
84.7458
85.0944
85.5787
85.7143
85.4903
85.2468
85.3837
86.8877
88.2353
86.9463
86.9463
86.9463
86.9463
85.6331
87.4806
88.8293
90.5285
91.3636
92.6799
93.75
94.2014
95.1731
95.9236
96.464
96.5385
96.3871
96.6228
96.7842
97.0984
97.6572
98.1613
98.5475
98.6378
98.3153
98.3359
98.8885
99.0789
99.0331
99.5263
100
99.1373
99.2432
100.944
101.362
99.8657
98.6842
98.9665
98.4525
97.4782
97.6698
98.0392
97.1267
97.3302
98.892
99.1404
98.5695
99.098
100.295
100.4
100.105
100
99.9421
99.2842
98.9692
99.2959
99.0417
98.3924
98.0418
98.3643
98.1767
97.8947
98.4023
98.6429
98.3204
98.6262
99.5059
99.4131
98.7099
98.8651
99.3377
99.058
98.9404
99.0789
98.8698
98.6842
99.011
99.0789
98.9404
99.0789
98.9404
99.0606
99.0293
98.7025
98.5191
98.1966
98.0808
98.73
97.1986
94.6995
94.3396
94.2072
94.2072
94.2072
94.2072
94.2072
94.2072
88.9888
90.3422
90.9091
91.1685
92.3431
93.904
94.7699
95.2657
96.5805
98.0255
98.9472
100.067
100.677
101.361
101.754
101.633
102.084
102.555
102.788
103.142
102.761
101.782
101.633
101.757
101.544
101.376
101.721
101.732
101.387
101.351
101.351
101.297
100.957
101
101.074
100.35
99.6098
99.2802
98.9535
99.6379
100.631
100.478
100.268
100.524
101.074
101.351
101.351
101.569
101.569
101.569
100.623
99.6296
99.6296
104.167
103.917
103.75
104.14
104.671
104.826
104.102
103.448
103.448
103.23
102.876
102.839
103.151
103.051
103.077
103.716
104.092
104.167
104.167
104.167
104.178
104.543
104.572
104.207
104.167
104.167
103.967
103.293
103.134
103.448
103.168
103.034
102.989
102.418
102.08
102.429
102.084
101.918
102.573
102.74
102.74
102.74
102.74
102.74
102.74
102.536
101.501
99.6778
98.6842
98.3695
96.6559
94.9417
94.7815
94.9367
92.2468
90.7785
92.6852
92.9815
92.5926
92.8042
93.3543
94.0162
94.3396
94.3396
94.3396
94.4471
94.7456
94.9367
94.9367
94.9367
95.216
96.1549
97.1085
97.6674
98.1818
98.5578
98.8
99.4579
99.3579
99.2
99.8421
100
100
100
100
100
100.188
100.523
100.612
100.277
100
100.26
100.4
100.268
100.53
101.074
101.009
100.949
100.862
100.541
100.968
101.308
100.632
100.29
100.854
101.074
100.946
101.151
101.735
101.718
101.633
101.955
101.767
101.224
101.498
102.041
101.746
101.633
101.928
101.931
101.633
101.743
101.71
101.365
101.555
101.476
100.454
99.2
99.3421
98.7097
97.451
97.1394
95.6458
95.6348
95.0514
93.2661
92.9896
91.2979
91.8811
93.2204
92.6499
94.1279
94.8972
94.1038
93.508
92.9348
92.9446
92.6327
92.4224
92.9574
93.1045
91.9752
92.1715
93.6149
93.5849
93.8568
93.8099
93.0468
92.5223
91.8451
91.184
91.2928
91.8505
92.1171
93.2747
93.6338
93.2075
93.985
94.7098
92.704
91.3256
92.6738
93.1265
92.555
92.2427
92.5267
92.4932
91.9286
91.4634
91.7751
92.4133
92.9538
93.1677
93.7692
94.6537
94.9367
94.9367
95.4771
96.4853
97.3077
97.9101
98.4211
98.372
98.5326
98.9964
98.8358
98.7182
99.045
99.6344
99.7351
99.6
99.9271
100.4
100.303
100.301
100.636
100.671
100.78
101.12
101.351
101.351
101.616
101.961
101.897
101.633
101.757
101.677
101.957
102.651
102.552
102.329
102.516
102.74
102.74
102.146
101.683
102.101
102.114
100.964
100.379
100.357
100.021
100
99.8887
99.6
99.7113
100
100
100.177
100.513
100.671
100.671
100.671
100.93
101.074
100.815
100.671
100.671
100.671
102.905
102.905
96.4238
99.8268
97.9788
102.074
100.874
100.874
100.874
94.7721
93.8649
91.706
91.5335
90.5322
90.0974
89.8032
89.0012
88.7574
89.2846
89.9936
90.3582
90.7273
91.1885
91.6587
91.9392
92.0245
92.0245
92.2472
91.2177
88.7639
88.9619
89.3257
87.6901
86.6545
86.462
87.531
87.6069
83.9691
84.213
87.01
85.5312
85.7983
87.2093
87.2093
87.2093
87.2093
87.9091
89.2146
89.8204
90.2907
90.9858
91.7399
93.603
94.6477
94.557
94.9766
95.4782
96.2663
96.7742
96.5583
96.5279
97.1964
98.1818
98.3617
98.543
99.571
100.383
100.609
100.274
100.33
100.935
101.49
101.465
100.657
100.413
100.671
100.96
101.3
101.351
101.351
101.313
100.973
101.623
102.657
102.947
102.856
102.207
102.68
103.836
103.833
103.202
102.822
102.893
103.345
103.949
104.575
104.189
103.759
103.862
103.569
103.572
104.001
104.601
104.895
104.566
103.932
103.537
103.448
103.163
102.145
101.726
101.726
101.887
102.551
102.74
102.74
102.74
102.74
102.429
102.329
102.639
102.74
102.595
101.901
101.351
101.066
100.726
100.826
100.892
100.071
99.3377
99.3377
99.3377
99.3377
99.3377
99.3222
98.6729
98.0392
97.1457
95.5944
94.8943
94.0097
92.9492
92.795
92.8148
91.8396
90.9091
90.9091
90.969
91.2461
90.9653
90.4143
90.4294
90.7032
89.9107
88.6845
88.4024
88.5527
88.5318
88.2708
88.0892
87.0751
87.3645
88.4804
87.8321
87.4725
86.8919
85.7083
85.5331
87.2429
89.1654
89.6899
89.8204
90.0476
90.6003
91.1391
91.1308
91.153
91.9142
92.7996
93.1677
93.4565
94.8243
96.1923
96.3871
96.5335
97.3966
98.2742
98.6068
98.6842
98.7208
99.0476
99.3377
99.3377
99.4993
99.9271
100.465
101.044
101.351
101.104
100.764
100.788
101.128
101.351
101.688
102.312
102.894
103.318
103.338
103.034
103.145
103.448
103.744
103.862
103.566
103.575
103.934
104.132
